version: 1
creator: callgrind-3.12.0.SVN
pid: 7172
cmd:  ./kekule ../Examples/testIVV.mot 18
part: 1


desc: I1 cache: 
desc: D1 cache: 
desc: LL cache: 

desc: Timerange: Basic block 0 - 2417019895
desc: Trigger: Program termination

positions: line
events: Ir
summary: 16929460206


ob=(5) /home/yann/Travail/Stagiaire/Ruben Staub/Article/isomorphism-map/Code/v3/kekule
fl=(128) /home/yann/Travail/Stagiaire/Ruben Staub/Article/isomorphism-map/Code/v3/signature.c
fn=(594) signature_vertex_edge
34 107122500
fi=(127) /usr/include/x86_64-linux-gnu/bits/string3.h
+56 11902500
fe=(128)
-47 11902500
-9 11902500
+2 11902500
fi=(127)
+54 11902500
fe=(128)
-54 11902500
fi=(127)
+54 11902500
cob=(2) ???
cfi=(16) ???
cfn=(584) 0x0000000000108a18
calls=11902500 -90 
* 321367500
fe=(128)
-50 47610000
-1 11902500
+2 35707500
-3 11902500
+2 11902500
-1 23805000
+1 35707500
+1 11902500
+4 11902500
-3 168805136
+23 133097636
+1 133097636
-1 219183476
+1 301950352
+1 68388876
+1 34194438
+1 68388876
-21 68388876
+20 134757118
+1 269514236
-21 269514236
+1 176140556
+2 176140556
+1 176140556
-3 176140556
+1 176140556
+2 704562224
+2 109591738
-1 109591738
+1 963163958
+2 69200878
-1 69200878
-1 138401756
+2 69200878
+1 207602634
-3 138401756
+2 25181735
-1 25181735
-1 50363470
+2 25181735
+1 75545205
-3 119564348
+5 750952676
+2 199413450
+1 199413450
-3 132942300
+2 62119176
+1 62119176
-3 393538560
+12 95220000

fn=(592) signature_compute
195 17853750
+1 499905000
+1 214245000
-1 71415000
+1 357075000
-1 154732500
-1 71415000
+9 3967500
+1 1983750
-1 1983750
+4 5951250
-15 9918750
+15 3967500
-15 3967500
+16 595125000
+1 714150000
+1 47610000
cfn=(594)
calls=11902500 34 
* 8259789126
* 35707500
-2 38648185
-1 142830000
+6 11902500

fl=(126) /home/yann/Travail/Stagiaire/Ruben Staub/Article/isomorphism-map/Code/v3/fold.c
fn=(580) is_foldable
63 10485760
+1 3932160
-1 2621440
+1 51118080
-1 34078720
+8 1310720
-4 2621440
+4 3932160
-2 6383668
+1 12767336
+1 17886708
+6 4233388
+2 8466776
-12 11924472
+1 107173584
+16 17853688
-17 17853688
+20 3932160
+1 1310720
-16 1728848
+1 1728848
+1 5186544

fn=(582) precompute_foldable
92 352688
+2 352688
-2 2116128
+2 352688
fi=(127)
-4 352688
fe=(126)
+2 705376
fi=(127)
-2 352688
fe=(126)
+4 705376
fi=(127)
-4 352688
cob=(2)
cfi=(16)
cfn=(584)
calls=352688 -90 
* 39148368
* 352688
fe=(126)
+5 352688
fi=(127)
-5 352688
fe=(126)
+5 352688
fi=(127)
-5 352688
cob=(2)
cfi=(16)
cfn=(584)
calls=352688 -90 
* 5995696
fe=(126)
+6 705376
+4 4584944
-2 2116128
+2 4232256
-2 12696768
+2 54532816
+2 11966720
+1 41883520
-5 11966720
+5 67790112
-5 22596704
+2 212856848
-4 12696768
+11 3526880
+2 45849440
+2 114233904
+1 4157432
+1 4157432
-1 12472296
-3 8314864
+3 55874352
-3 78799072
-2 4584944
+9 4584944
-9 4584944
+11 9483598

fn=(578) computeoutline
38 1310720
+1 1310720
-1 1310720
+1 1310720
-1 1310720
+7 2621440
-6 1310720
+17 47185920
-3 133693440
+4 89128960
-4 44564480
+3 89128960
+1 89128960
-15 503316480
+1 125829120
+2 36700160
+3 18350080
-3 110100480
+2 18350080
+2 18350080
+7 18350080
-10 18350080
-1 18350080
+12 18350080
-1 18350080
+1 36700160
+2 5242880

fn=(576) folding_enumeration
186 10485760
+8 3932160
cfn=(578)
calls=1310720 38 
* 1468006400
+2 2621440
-2 1310720
+2 1310720
cfn=(580)
calls=1310720 63 
* 328530908
* 2621440
+56 5748192
-54 705376
+48 352688
-48 352688
cfn=(582)
calls=352688 92 
* 863800294
+46 352688
+3 2116128
-3 352688
+1 705376
+1 352688
+1 1058064
cfn=(588) generation
calls=352688 121 
* 12791336962
+2 3174192
+1 1763440
-1 352688
+1 1058064
-1 352688
+1 22924720
-1 4584944
+1 13754832
-1 4584944
+3 2116128

fn=(588)
121 4584944
+2 19023410
+5 33373944
+1 50060916
-1 16686972
+1 33373944
-1 33373944
+1 16686972
-1 16686972
+1 16686972
+1 33373944
+2 27477051
+1 9159017
+2 164862306
+1 9159017
-1 9159017
+2 9159017
-1 9159017
+1 18318034
+3 9159017
-3 18318034
+1 9159017
+2 9159017
+1 3458318
+1 3458318
-1 3458318
+3 27477051
+1 3402561
+1 3402561
-1 10207683
+1 3402561
+2 3402561
-25 3402561
+26 3402561
-26 3402561
+25 5756456
-25 5756456
+26 5756456
-26 5756456
+2 5951250
cfi=(111) /home/yann/Travail/Stagiaire/Ruben Staub/Article/isomorphism-map/Code/v3/hash.c
cfn=(590) hash_insert
calls=1983750 +15 
* 11880083525
+28 19023410
+3 9159017
-1 9159017
+1 36636068
+1 27477051
+12 21726194
+1 6750456
+8 27477051
-20 36132898
+1 17252735
-28 11401398
+43 4609636
+6 2821504
-17 4611818

fl=(111)
fn=(590)
140 7935000
+1 1983750
-1 1983750
+1 1983750
cfi=(128)
cfn=(592)
calls=1983750 +54 
* 11264143561
+1 1983750
+1 1983750
-1 1983750
+1 3967500
-1 1983750
cfn=(596) insert_hasht
calls=1983750 -65 
* 590151214

fn=(618) affiche_hasht
102 2
fi=(97) /usr/include/x86_64-linux-gnu/bits/stdio2.h
+2 1
fe=(111)
-2 1
fi=(97)
+2 1
fe=(111)
+4 1
-6 1
fi=(97)
+2 4
cob=(2)
cfi=(16)
cfn=(288) 0x0000000000108a58
calls=1 0 
* 1470
* 7
cob=(2)
cfi=(16)
cfn=(288)
calls=1 0 
* 1535
fe=(111)
+1 1
fi=(97)
-1 6
cob=(2)
cfi=(16)
cfn=(288)
calls=1 0 
* 1527
* 1
fe=(111)
+2 1
+1 3
+4 3047178
+5 23589
-1 23589
+2 47178
-1 312
-1 312
+2 47802
+3 23589
+1 23589
-1 47178
-10 47178
+10 976411
-10 1952822
fi=(97)
-6 4
cob=(2)
cfi=(16)
cfn=(288)
calls=1 0 
* 1000
fe=(111)
+21 4
+1 1
fi=(97)
-22 2
fe=(111)
+21 1
fi=(97)
-21 1
fe=(111)
+22 1
-1 1
+1 1
-1 2
fi=(97)
-21 1
cob=(2)
cfi=(16)
cfn=(288)
calls=1 0 
* 2277
fe=(111)

fn=(598) write_signature_heap
40 167307
+1 23901
+1 71703
+10 23901
+1 47802
-1 23901
fi=(127)
+1 47802
cob=(2)
cfi=(16)
cfn=(600) 0x0000000000108a38
calls=23901 -53 
* 645327
fe=(111)
+1 71703
+2 191208

fn=(606) write_element_heap
59 1248
+1 936
+12 312
-2 624
+1 312
+1 312
+2 1872

fn=(514) initialize_hasht
26 1
+1 2
cob=(2)
cfi=(16)
cfn=(446) 0x0000000000108a40
calls=1 -27 
* 192
+3 1
-3 1
+1 1
+1 1
+1 1
cob=(2)
cfi=(16)
cfn=(446)
calls=1 -30 
* 661
* 1
+1 2
cfn=(518) initialize_heap
calls=1 -18 
* 861
* 4
+2 1
+1 2
-2 2
+1 999999
+1 1999998
-2 1999998
+5 3

fn=(518)
13 1
+1 2
cob=(2)
cfi=(16)
cfn=(446)
calls=1 -14 
* 231
+2 1
-1 1
-1 1
+2 1
cob=(2)
cfi=(16)
cfn=(446)
calls=1 -16 
* 324
+4 1
-4 1
+1 1
+1 1
+1 1
+1 1
cob=(2)
cfi=(16)
cfn=(446)
calls=1 -20 
* 287
+2 1
-2 1
+1 1
+3 3

fn=(596)
77 11902500
-72 1983750
+72 1983750
-70 9918750
+1 7935000
-1 3967500
+1 238050000
-1 119025000
+3 3967500
+69 1983750
-69 5951250
+71 19790322
+8 9869142
cob=(2)
cfi=(16)
cfn=(602) 0x0000000000108a20
calls=1982940 -89 
* 132338317
* 3965880
+1 114831
-1 3965880
+11 11900628
-9 624
cfn=(606)
calls=312 -32 
* 5616
+1 312
-1 624
+1 624
cfn=(598)
calls=312 -52 
* 17160
* 312
+1 312
+1 312
+6 1872
-18 70767
cfn=(598)
calls=23589 -42 
* 1297395
* 23589
+1 47178
+1 23589
+1 47178

fn=(622) free_hasht
128 4
+1 6
+1 1
-1 1
+1 2
cob=(2)
cfi=(16)
cfn=(480) 0x00000000001089f0
calls=1 0 
* 57
-1 3
+3 5
+1 1
-1 1
+1 2
cob=(2)
cfi=(16)
cfn=(480)
calls=1 0 
* 66
-1 3
+3 2
cob=(2)
cfi=(16)
cfn=(480)
calls=1 0 
* 66
+1 2
cob=(2)
cfi=(16)
cfn=(480)
calls=1 0 
* 130
+2 1
-1 1
+1 2
-1 1
cob=(2)
cfi=(16)
cfn=(480)
calls=1 0 
* 100

fl=(101) /home/yann/Travail/Stagiaire/Ruben Staub/Article/isomorphism-map/Code/v3/input.c
fn=(498) printvertices
20 2
fi=(97)
+84 1
fe=(101)
-84 4
fi=(97)
+84 1
fe=(101)
-84 1
fi=(97)
+84 3
cob=(2)
cfi=(16)
cfn=(288)
calls=1 0 
* 741
fe=(101)
-81 4
fi=(97)
+81 10
fe=(101)
-79 2
fi=(97)
+79 1
cob=(2)
cfi=(16)
cfn=(288)
calls=1 0 
* 1578
* 36
fe=(101)
-79 12
fi=(97)
+79 6
cob=(2)
cfi=(16)
cfn=(288)
calls=6 0 
* 9822
fe=(101)
-79 28
+1 7
fi=(97)
+78 14
fe=(101)
-79 7
fi=(97)
+79 28
cob=(2)
cfi=(16)
cfn=(288)
calls=7 0 
* 4104
fe=(101)
-78 13
fi=(97)
+78 26
fe=(101)
-79 13
fi=(97)
+79 52
cob=(2)
cfi=(16)
cfn=(288)
calls=13 0 
* 7632
fe=(101)
-79 40
fi=(97)
+79 35
cob=(2)
cfi=(16)
cfn=(288)
calls=7 0 
* 2842
fe=(101)
-81 14
+7 6

fn=(388) read_input
82 9
+5 1
-5 3
+5 1
cob=(2)
cfi=(16)
cfn=(390) 0x0000000000108a60
calls=1 -87 
* 506
+1 4
-1 1
+1 2
cob=(2)
cfi=(16)
cfn=(416) 0x00000000001089f8
calls=1 -88 
* 1477
+1 1
-1 1
+1 2
cob=(2)
cfi=(16)
cfn=(446)
calls=1 -89 
* 200
+2 1
-2 1
+1 1
+1 4
+1 1
-1 4
+1 5
cob=(2)
cfi=(16)
cfn=(416)
calls=1 -92 
* 621
* 10
cob=(2)
cfi=(16)
cfn=(416)
calls=2 -92 
* 1288
+1 15
cob=(2)
cfi=(16)
cfn=(416)
calls=3 -93 
* 1779
* 3
+1 14
+1 4
+1 2
-1 2
+1 2
+1 4
cob=(2)
cfi=(16)
cfn=(446)
calls=2 -97 
* 400
-2 2
+1 1
-1 1
+1 1
+1 2
cob=(2)
cfi=(16)
cfn=(446)
calls=1 -97 
* 200
+1 3
-1 3
+1 28
+1 20
-1 10
+1 5
cob=(2)
cfi=(16)
cfn=(416)
calls=5 -99 
* 3038
* 12
-1 6
+1 3
cob=(2)
cfi=(16)
cfn=(416)
calls=3 -99 
* 1826
-1 8
+1 8
-1 8
-7 19
+11 2
cob=(2)
cfi=(16)
cfn=(448) 0x0000000000108a00
calls=1 0 
* 574
+1 2
+2 12

fn=(506) almost_foldable_path
264 7
+4 1
-4 2
+4 5
cob=(2)
cfi=(16)
cfn=(446)
calls=1 0 
* 192
+1 1
-1 1
+1 8
+1 3
cob=(2)
cfi=(16)
cfn=(446)
calls=1 0 
* 192
* 9
cob=(2)
cfi=(16)
cfn=(446)
calls=3 0 
* 576
* 4
-1 9
+3 4
cob=(2)
cfi=(16)
cfn=(476) 0x0000000000108a28
calls=1 0 
* 228
+1 1
+2 1
-3 1
+2 1
-1 2
+2 2
-2 3
+1 2
+1 1
cob=(2)
cfi=(16)
cfn=(446)
calls=1 0 
* 184
+13 1
-13 2
+13 15
+2 2
cob=(2)
cfi=(16)
cfn=(446)
calls=1 0 
* 192
* 34
cob=(2)
cfi=(16)
cfn=(446)
calls=17 0 
* 5437
* 36
+1 18
-1 54
+1 18
+2 288
cob=(2)
cfi=(16)
cfn=(476)
calls=72 0 
* 171267
* 72
-2 180
-3 39
+10 5
+2 1
+3 3
-3 9
+1 1
-1 1
+1 4
-1 36
+1 6
-1 6
+1 36
+2 48
-2 24
+2 56
-2 56
+4 60
+2 5
+1 5
+1 5
-2 5
+1 5
-10 5
+11 5
-2 5
+1 10
+1 5
-1 10
-10 27
+8 4
+7 12
-15 5
+20 2
+10 1
-10 4
+2 68
+2 476
+2 1429632
+2 3030
+2 9696
+1 17330
+2 10398
-2 3466
+2 2364
-2 2521
-3 15756
-21 357412
+17 714816
-2 357
-2 34
+23 8
cob=(2)
cfi=(16)
cfn=(480)
calls=1 0 
* 100
* 9
cob=(2)
cfi=(16)
cfn=(480)
calls=3 0 
* 300
* 8
+1 2
cob=(2)
cfi=(16)
cfn=(480)
calls=1 0 
* 100
+2 1
-1 1
+1 6
-1 1
cob=(2)
cfi=(16)
cfn=(480)
calls=1 0 
* 100
* 8

fn=(472) normalize_labels
113 5
+2 2
cob=(2)
cfi=(16)
cfn=(446)
calls=1 0 
* 334
+1 1
-1 1
+1 6
+1 21
+1 110
+1 4
+1 4
+1 2
-1 16
-3 4
+3 6
-3 15
-1 6
+9 18
+1 2
+2 1
-2 1
+2 18
+2 88
+1 8
-3 32
-1 12
+7 4
-16 2

fn=(474) compute_label_values
137 8
+2 1
-2 1
+1 5
+1 3
cob=(2)
cfi=(16)
cfn=(476)
calls=1 0 
* 228
+1 2
-1 1
+1 2
cob=(2)
cfi=(16)
cfn=(476)
calls=1 0 
* 228
+1 1
-1 1
+1 7
+1 25
+2 4
-2 8
+1 24
+4 16
-5 8
+8 12
+1 46
-1 4
+1 4
-1 11
-9 6
+13 3
cob=(2)
cfi=(16)
cfn=(480)
calls=1 0 
* 100
+4 1
-2 1
+1 1
+1 5
-8 3
+10 4
+1 3
-3 2
+2 4
+1 3
-3 2
+6 4
-14 2
+16 1
-1 1
+1 4
-1 2
+1 19
+2 8
-2 4
+2 4
-2 9
+1 24
+4 16
-5 4
+5 4
-5 4
-2 12
+13 1
-2 1
+2 6
-2 1
cob=(2)
cfi=(16)
cfn=(480)
calls=1 0 
* 100

fn=(482) create_rotated_vertices
190 8
+1 1
-1 2
+2 8
+2 2
-2 2
+2 4
-2 6
+4 1
cob=(2)
cfi=(16)
cfn=(484) 0x0000000000108a50
calls=1 0 
* 418
* 2
+1 6
+2 16
+2 15
cfn=(496) non_isomorph
calls=5 -20 
* 299
* 10
+2 44
+1 16
cob=(2)
cfi=(16)
cfn=(446)
calls=4 0 
* 594
+1 4
-1 4
+1 28
+2 32
-2 8
+2 64
-2 16
-6 4
+10 4
-10 8
-2 15
+16 2
+2 9

fn=(496)
181 50
-2 25
+2 49
-2 144
+3 600
+1 48
-2 48
+4 34
-2 8
+3 8

fn=(504) create_concatenation_helper
219 9
+2 5
+1 2
cob=(2)
cfi=(16)
cfn=(446)
calls=1 0 
* 192
-1 1
+2 1
-1 1
+1 7
+2 2
cob=(2)
cfi=(16)
cfn=(446)
calls=1 0 
* 192
* 6
cob=(2)
cfi=(16)
cfn=(446)
calls=3 0 
* 576
+2 8
-2 4
+1 8
+1 88
+2 252
+1 28
-3 7
+4 7
-4 7
+4 7
-4 7
-4 16
+12 8

fl=(72) /home/yann/Travail/Stagiaire/Ruben Staub/Article/isomorphism-map/Code/v3/main.c
fn=(286) main
24 7
fi=(97)
+80 1
fe=(72)
-80 1
fi=(97)
+80 1
fe=(72)
-80 4
fi=(97)
+80 1
cob=(2)
cfi=(16)
cfn=(288)
calls=1 0 
* 60755
fe=(72)
-77 2
cfi=(93) /home/yann/Travail/Stagiaire/Ruben Staub/Article/isomorphism-map/Code/v3/chrono.c
cfn=(362) chrono
calls=1 -6 
* 33
+1 2
fi=(94) /usr/include/stdlib.h
241 4
cob=(2)
cfi=(16)
cfn=(370) 0x0000000000108a30
calls=1 0 
* 129
fi=(97)
104 3
fe=(72)
-75 1
fi=(97)
+75 3
cob=(2)
cfi=(16)
cfn=(288)
calls=1 0 
* 1471
fe=(72)
-68 3
cfi=(101)
cfn=(388)
calls=1 +46 
* 12163
+2 2
-2 1
+2 1
cfi=(101)
cfn=(472)
calls=1 +75 
* 723
+1 3
cfi=(101)
cfn=(474)
calls=1 +98 
* 1019
+3 3
cfi=(101)
cfn=(482)
calls=1 190 
* 1652
+1 2
-1 1
+1 1
cfi=(101)
cfn=(498)
calls=1 -23 
* 27085
+1 3
cfi=(101)
cfn=(504)
calls=1 219 
* 1441
+3 3
cfi=(101)
cfn=(506)
calls=1 264 
* 2747567
+9 2
cfi=(110) /home/yann/Travail/Stagiaire/Ruben Staub/Article/isomorphism-map/Code/v3/concat.c
cfn=(512) initializemap
calls=1 -40 
* 4588
* 1
+1 2
cfi=(111)
cfn=(514)
calls=1 -31 
* 5001732
+1 1
-1 1
+1 4
+1 1
-1 1
+1 3
cob=(2)
cfi=(16)
cfn=(446)
calls=1 -59 
* 266
+1 1
-1 1
+1 1
+1 1
+3 1
-3 1
cob=(2)
cfi=(16)
cfn=(446)
calls=1 -61 
* 182
+1 1
-1 2
+1 4
cob=(2)
cfi=(16)
cfn=(446)
calls=1 -62 
* 223
+2 1
-2 1
+1 1
+1 2
cob=(2)
cfi=(16)
cfn=(446)
calls=1 -64 
* 289
+1 1
-1 1
+1 1
+1 13
+2 2
cob=(2)
cfi=(16)
cfn=(446)
calls=1 -68 
* 190
* 68
cob=(2)
cfi=(16)
cfn=(446)
calls=34 -68 
* 7277
+1 35
-1 35
+1 35
-3 140
+5 4
cob=(2)
cfi=(16)
cfn=(446)
calls=1 -71 
* 192
+1 1
-1 1
+1 1
+1 2
cob=(2)
cfi=(16)
cfn=(446)
calls=1 -73 
* 192
+1 1
-1 1
+1 1
+5 1
-4 1
+4 1
+1 1
-1 1
+1 2
-1 1
cob=(2)
cfi=(16)
cfn=(446)
calls=1 -79 
* 114
+4 1
-4 1
+4 1
cob=(2)
cfi=(16)
cfn=(446)
calls=1 -83 
* 192
+1 1
-1 1
+1 1
cob=(2)
cfi=(16)
cfn=(446)
calls=1 -84 
* 192
+3 2
-3 1
+3 2
cob=(2)
cfi=(16)
cfn=(476)
calls=1 -87 
* 236
* 1
+2 14
+1 49
+1 21
-1 14
+1 39
-1 26
+4 7
-1 7
+1 49
+10 36
-10 36
+1 196
+1 20
+4 10
+4 20
-10 30
+5 10
-9 20
+4 38
-5 28
+18 2
fi=(97)
-3 2
fe=(72)
+33 2
-30 2
fi=(97)
-3 2
fe=(72)
+3 1
fi=(97)
-3 1
cob=(2)
cfi=(16)
cfn=(288)
calls=1 0 
* 1394
fe=(72)
+6 2
cob=(2)
cfi=(16)
cfn=(480)
calls=1 0 
* 100
+4 2
cfi=(93)
cfn=(362)
calls=1 -93 
* 3885
fi=(97)
-10 4
cob=(2)
cfi=(16)
cfn=(288)
calls=1 0 
* 427
fe=(72)
+16 6
cfi=(110)
cfn=(546) generate_paths
calls=1 -42 
* 16915153822
fi=(97)
-16 1
fe=(72)
+16 1
fi=(97)
-16 3
cob=(2)
cfi=(16)
cfn=(288)
calls=1 0 
* 371
fe=(72)
+20 2
cfn=(614) prettyprint
calls=1 12 
* 1814
fi=(97)
-20 4
cob=(2)
cfi=(16)
cfn=(288)
calls=1 0 
* 406
* 4
cob=(2)
cfi=(16)
cfn=(288)
calls=1 0 
* 376
fe=(72)
+21 2
cfn=(614)
calls=1 12 
* 1814
fi=(97)
-21 4
cob=(2)
cfi=(16)
cfn=(288)
calls=1 0 
* 406
* 4
cob=(2)
cfi=(16)
cfn=(288)
calls=1 0 
* 376
fe=(72)
+22 2
cfn=(614)
calls=1 12 
* 1376
fi=(97)
-22 4
cob=(2)
cfi=(16)
cfn=(288)
calls=1 0 
* 406
fe=(72)
+23 2
cfi=(93)
cfn=(362)
calls=1 21 
* 5066
fi=(97)
-23 4
cob=(2)
cfi=(16)
cfn=(288)
calls=1 0 
* 427
fe=(72)
+28 2
cfi=(111)
cfn=(618)
calls=1 -30 
* 6268585
+1 2
cfi=(111)
cfn=(622)
calls=1 -5 
* 457
+4 4
+1 216
cob=(2)
cfi=(16)
cfn=(480)
calls=18 0 
* 6035
* 324
cob=(2)
cfi=(16)
cfn=(480)
calls=54 0 
* 8747
* 144
+1 18
-2 18
+2 54
cob=(2)
cfi=(16)
cfn=(480)
calls=18 0 
* 1800
-2 36
+4 1
+7 2
-7 1
cob=(2)
cfi=(16)
cfn=(480)
calls=1 0 
* 140
+7 9
cob=(2)
cfi=(16)
cfn=(480)
calls=1 0 
* 100
* 30
cob=(2)
cfi=(16)
cfn=(480)
calls=6 0 
* 600
* 14
+1 1
+1 2
-1 1
cob=(2)
cfi=(16)
cfn=(480)
calls=1 0 
* 130
+1 9
cob=(2)
cfi=(16)
cfn=(480)
calls=1 0 
* 100
* 15
cob=(2)
cfi=(16)
cfn=(480)
calls=3 0 
* 300
* 8
+1 1
+10 2
-10 1
cob=(2)
cfi=(16)
cfn=(480)
calls=1 0 
* 100
+1 2
cob=(2)
cfi=(16)
cfn=(480)
calls=1 0 
* 100
+3 2
cob=(2)
cfi=(16)
cfn=(480)
calls=1 0 
* 143
+1 2
cfi=(110)
cfn=(626) free_map
calls=1 35 
* 2173
+1 2
cob=(2)
cfi=(16)
cfn=(480)
calls=1 0 
* 143
+1 2
cob=(2)
cfi=(16)
cfn=(480)
calls=1 0 
* 1647
+1 2
cob=(2)
cfi=(16)
cfn=(480)
calls=1 0 
* 130
+1 2
cob=(2)
cfi=(16)
cfn=(480)
calls=1 0 
* 143
+1 8
cob=(2)
cfi=(16)
cfn=(480)
calls=1 0 
* 100
* 170
cob=(2)
cfi=(16)
cfn=(480)
calls=34 0 
* 3400
* 140
+1 2
cob=(2)
cfi=(16)
cfn=(480)
calls=1 0 
* 143
+1 2
cob=(2)
cfi=(16)
cfn=(480)
calls=1 0 
* 100
+1 2
cob=(2)
cfi=(16)
cfn=(480)
calls=1 0 
* 143
+1 2
cob=(2)
cfi=(16)
cfn=(480)
calls=1 0 
* 1012
+1 2
cfi=(93)
cfn=(362)
calls=1 21 
* 4409
fi=(97)
-62 4
cob=(2)
cfi=(16)
cfn=(288)
calls=1 0 
* 403
fe=(72)
+65 12
28 21
+44 21

fn=(614)
12 48
+1 45
+1 45
+1 18
+1 3
-1 21
+1 3
+1 6
+1 6
+1 2
fi=(97)
+85 14
cob=(2)
cfi=(16)
cfn=(288)
calls=2 0 
* 3484
* 6
cob=(2)
cfi=(16)
cfn=(288)
calls=1 0 
* 1303
fe=(72)

fl=(66) ???
fn=(266) __libc_csu_init
0 15
cob=(2)
cfi=(16)
cfn=(268) 0x00000000001089c8
calls=1 0 
0 6
0 8
cfn=(272) 0x0000000000001390
calls=1 0 
0 17
0 11

fn=(258) _start
0 11
cob=(3) /lib/x86_64-linux-gnu/libc-2.24.so
cfi=(67) /build/glibc-jxM2Ev/glibc-2.24/csu/../csu/libc-start.c
cfn=(260) (below main)
calls=1 134 
0 16929347329

fn=(272)
0 17

fn=(636) 0x0000000000001350
0 8
cob=(2)
cfi=(16)
cfn=(642) 0x0000000000108a78
calls=1 0 
0 51
0 1
cfn=(650) 0x00000000000012c0
calls=1 0 
0 9
0 3

fn=(650)
0 9

fl=(110)
fn=(550) affichage_dynamique
58 2621440
+4 1310720
-4 3932160
+4 1310720
cfi=(93)
cfn=(552) what_time_is_it
calls=1310720 -56 
* 31457280
+1 2621440
+1 1
-1 1
+1 1
+1 480
+1 348
fi=(97)
+38 84
fe=(110)
-37 56
fi=(97)
+37 28
cob=(2)
cfi=(16)
cfn=(288)
calls=28 0 
* 7532
* 180
fe=(110)
-37 120
fi=(97)
+37 60
cob=(2)
cfi=(16)
cfn=(288)
calls=60 0 
* 16140
fe=(110)
-35 88
fi=(97)
+35 264
fe=(110)
-35 88
fi=(97)
+35 88
cob=(2)
cfi=(16)
cfn=(288)
calls=88 0 
* 178104
fe=(110)
-34 352
cfn=(554) prettyprint2
calls=88 -26 
* 163843
+1 352
cfn=(554)
calls=88 -27 
* 155840
+1 352
cfn=(554)
calls=88 -28 
* 141275
+1 88
+2 264
-2 88
cob=(2)
cfi=(16)
cfn=(568) 0x0000000000108a48
calls=88 -73 
* 16192
-9 3932157
+11 5242702

fn=(548) smallest_representation
12 114753536
+1 9633792
+1 3211264

fn=(626)
35 4
+1 2
-1 1
+1 3
+1 1
-1 1
+1 3
cob=(2)
cfi=(16)
cfn=(480)
calls=1 -37 
* 100
* 17
-1 17
+1 51
cob=(2)
cfi=(16)
cfn=(480)
calls=17 -37 
* 1700
-1 36
+3 2
cob=(2)
cfi=(16)
cfn=(480)
calls=1 -39 
* 130
+2 1
-1 1
+1 2
-1 1
cob=(2)
cfi=(16)
cfn=(480)
calls=1 -40 
* 100

fn=(546)
78 8
+3 1
-3 3
+3 2
cob=(2)
cfi=(16)
cfn=(446)
calls=1 -81 
* 200
+1 1
-1 1
+1 1
+4 64
+2 35
+2 28
cfi=(101)
cfn=(496)
calls=7 +91 
* 42
* 52
cfi=(101)
cfn=(496)
calls=13 +91 
* 673
* 60
+2 26
+3 13
-2 26
-1 52
+1 13
+1 13
-1 13
+1 13
-1 26
+1 39
+2 26
+1 78
+4 195
-4 26795192
+4 450365347
+4 17809722
-1 8904861
+1 8904861
-4 44604940
+22 19455212
+6 38910372
+2 8533819
+1 8533819
+2 8533819
-3 17067638
+1 8533819
+3 17067638
-2 8533806
+4 17067612
-6 8533806
+6 17067612
-4 17067612
+4 34135224
+1 25601418
-27 17067612
+4 8533806
-2 8533806
+2 8533806
-2 8533806
-2 17067612
+4 8533806
-4 8533806
+1 8533806
+3 8533806
-2 42669030
+2 8533806
+2 8533806
-2 25601418
+1 8533806
-1 8533806
+6 8533806
-5 8533806
+1 8533806
+1 8533806
+3 8533806
-3 8533806
-4 8533806
+9 8533806
-4 8533806
+1 8533806
+1 8533806
+2 41330058
-35 154
+35 6422528
cfn=(548)
calls=3211264 12 
* 127598592
* 6422528
+2 5242880
cfn=(550)
calls=1310720 -67 
* 53110928
+2 3932160
-1 1310720
+1 2621440
cfi=(126)
cfn=(576)
calls=1310720 +59 
* 15540720020
+2 15728640
+16 2
cob=(2)
cfi=(16)
cfn=(480)
calls=1 0 
* 100
+1 1
+1 8

fn=(554)
44 1320
+2 4224
+1 3960
+1 3960
+1 1584
+1 264
-1 1848
+1 264
+1 528
+1 528
+1 440
fi=(97)
+44 90
cob=(2)
cfi=(16)
cfn=(558) 0x0000000000108a70
calls=15 -97 
* 9787
fe=(110)
-41 264
fi=(97)
+41 528
fe=(110)
-41 528
fi=(97)
+41 1056
cob=(2)
cfi=(16)
cfn=(558)
calls=264 -97 
* 151712
* 352
cob=(2)
cfi=(16)
cfn=(558)
calls=44 -97 
* 66100
* 1274
cob=(2)
cfi=(16)
cfn=(558)
calls=205 -97 
* 210142
* 205
fe=(110)

fn=(512)
16 2
+1 1
-1 5
+1 1
cob=(2)
cfi=(16)
cfn=(446)
calls=1 -17 
* 105
+1 1
+1 1
-2 2
+1 2
+2 2
cob=(2)
cfi=(16)
cfn=(446)
calls=1 -20 
* 378
+1 1
-1 1
+1 1
+1 13
+1 2
cob=(2)
cfi=(16)
cfn=(446)
calls=1 -23 
* 105
* 34
cob=(2)
cfi=(16)
cfn=(446)
calls=17 -23 
* 3264
+1 18
-1 18
+1 18
+1 72
+1 18
+1 36
-2 36
+1 36
+1 72
-2 72
-3 72
+8 4
cob=(2)
cfi=(16)
cfn=(446)
calls=1 -30 
* 184
* 2
+2 9

fl=(93)
fn=(362)
21 4
-6 8
+6 12
-6 4
cob=(2)
cfi=(16)
cfn=(364) 0x0000000000108a10
calls=4 -15 
* 24
+1 4
+10 4
-10 12
+10 4
-10 8
+10 7
+2 1
+1 1
+1 2
-1 1
+1 1
-2 3
+1 3
+1 6
-1 3
+1 11
-3 3
fi=(97)
+77 9
fe=(93)
-77 3
fi=(97)
+77 12
cob=(2)
cfi=(16)
cfn=(288)
calls=3 0 
* 13234
* 9
fe=(93)

fn=(552)
6 1310720
+9 2621440
-9 3932160
+9 1310720
cob=(2)
cfi=(16)
cfn=(364)
calls=1310720 -15 
* 7864320
+1 2621440
+3 2621440
-3 5242880
+3 3932160

ob=(2)
fl=(16)
fn=(364)
0 1310724
cob=(3)
cfi=(51) /build/glibc-jxM2Ev/glibc-2.24/time/../sysdeps/unix/sysv/linux/x86/gettimeofday.c
cfn=(366) __gettimeofday_syscall
calls=1310724 29 
0 6553620

fn=(568)
0 88
cob=(3)
cfi=(125) /build/glibc-jxM2Ev/glibc-2.24/libio/iofflush.c
cfn=(570) fflush
calls=88 33 
0 16104

fn=(370)
0 1
cob=(3)
cfi=(95) /build/glibc-jxM2Ev/glibc-2.24/stdlib/../stdlib/strtol.c
cfn=(372) strtol
calls=1 106 
0 128

fn=(446)
0 109
cob=(3)
cfi=(81) /build/glibc-jxM2Ev/glibc-2.24/malloc/malloc.c
cfn=(312) malloc
calls=109 2914 
0 24592

fn=(476)
0 76
cob=(3)
cfi=(81)
cfn=(478) calloc
calls=76 3220 
0 172111

fn=(656) 0x000000000010c974
0 3

fn=(460) 0x0000000004c489b8
0 2
cob=(3)
cfi=(81)
cfn=(462) free
calls=2 2946 
0 275

fn=(310) 0x0000000004c489b0
0 3
cob=(3)
cfi=(81)
cfn=(312)
calls=3 2914 
0 59936

fn=(268)
0 6

fn=(390)
0 1
cob=(3)
cfi=(102) /build/glibc-jxM2Ev/glibc-2.24/libio/iofopen.c
cfn=(392) fopen@@GLIBC_2.2.5
calls=1 97 
0 505

fn=(448)
0 1
cob=(3)
cfi=(108) /build/glibc-jxM2Ev/glibc-2.24/libio/iofclose.c
cfn=(450) fclose@@GLIBC_2.2.5
calls=1 39 
0 573

fn=(674) 0x0000000004a27818
0 3

fn=(224) 0x0000000004a27560
0 6

fn=(288)
0 234
cob=(3)
cfi=(73) /build/glibc-jxM2Ev/glibc-2.24/debug/printf_chk.c
cfn=(290) __printf_chk
calls=234 26 
0 321309

fn=(416)
0 15
cob=(3)
cfi=(104) /build/glibc-jxM2Ev/glibc-2.24/stdio-common/isoc99_fscanf.c
cfn=(418) __isoc99_fscanf
calls=15 26 
0 10014

fn=(480)
0 184
cob=(3)
cfi=(81)
cfn=(462)
calls=184 2946 
0 28521

fn=(558)
0 528
cob=(3)
cfi=(123) /build/glibc-jxM2Ev/glibc-2.24/debug/fprintf_chk.c
cfn=(560) __fprintf_chk
calls=528 26 
0 437213

fn=(664) 0x0000000004a275a0
0 1
cob=(3)
cfi=(136) /build/glibc-jxM2Ev/glibc-2.24/stdlib/cxa_finalize.c
cfn=(644) __cxa_finalize
calls=1 31 
0 50

fn=(600)
0 23901
cob=(3)
cfi=(98) /build/glibc-jxM2Ev/glibc-2.24/string/../sysdeps/x86_64/multiarch/../multiarch/memmove-vec-unaligned-erms.S
cfn=(380) memcpy@GLIBC_2.2.5
calls=23901 131 
0 621426

fn=(602)
0 1982940
cob=(3)
cfi=(129) /build/glibc-jxM2Ev/glibc-2.24/string/../sysdeps/x86_64/multiarch/memcmp-sse4.S
cfn=(604) __memcmp_sse4_1
calls=1982940 47 
0 130355377

fn=(642)
0 1
cob=(3)
cfi=(136)
cfn=(644)
calls=1 31 
0 50

fn=(484)
0 1
cob=(3)
cfi=(81)
cfn=(486) realloc
calls=1 2988 
0 417

fn=(584)
0 12607876
cob=(3)
cfi=(109) /build/glibc-jxM2Ev/glibc-2.24/string/../sysdeps/x86_64/multiarch/../multiarch/memset-vec-unaligned-erms.S
cfn=(508) __GI_memset
calls=12607876 91 
0 353903688

fn=(86) 0x0000000004000a90
0 1
cob=(1) /lib/x86_64-linux-gnu/ld-2.24.so
cfi=(17) /build/glibc-jxM2Ev/glibc-2.24/elf/dl-minimal.c
cfn=(88) free
calls=1 118 
0 6

ob=(4) /usr/lib/valgrind/vgpreload_core-amd64-linux.so
fl=(57) ???
fn=(228) 0x0000000000000690
0 17

fn=(668) 0x00000000000005c0
0 9

fn=(658) 0x0000000000000650
0 8
cob=(2)
cfi=(16)
cfn=(664)
calls=1 0 
0 51
0 1
cfn=(668)
calls=1 0 
0 9
0 3

ob=(3)
fl=(58) /build/glibc-jxM2Ev/glibc-2.24/csu/../csu/init-first.c
fn=(236) _init
52 8
+6 3
+14 1
fi=(60) /build/glibc-jxM2Ev/glibc-2.24/csu/../sysdeps/unix/sysv/linux/x86_64/init-first.c
-36 1
fe=(58)
+34 1
+1 1
fi=(60)
-35 3
fe=(58)
+36 1
fi=(60)
-36 3
fi=(59) /build/glibc-jxM2Ev/glibc-2.24/csu/../sysdeps/generic/dl-hash.h
+12 3
+14 4
-17 3
+3 9
+14 12
-17 9
+22 1
fi=(60)
-31 2
+2 2
-2 1
+2 2
cfi=(48) /build/glibc-jxM2Ev/glibc-2.24/elf/../sysdeps/unix/sysv/linux/dl-vdso.c
cfn=(186) _dl_vdso_vsym
calls=1 -11 
* 6
+1 2
+5 2
-3 2
+1 1
+2 1
cfi=(48)
cfn=(186)
calls=1 -17 
* 6
fe=(58)
+42 3
fi=(60)
-41 2
+1 1
fe=(58)
+40 1
cfi=(61) /build/glibc-jxM2Ev/glibc-2.24/misc/init-misc.c
cfn=(242) __init_misc
calls=1 -55 
* 48
+8 1
cfi=(63) /build/glibc-jxM2Ev/glibc-2.24/ctype/ctype-info.c
cfn=(246) __ctype_init
calls=1 -63 
* 16
+5 6
-34 1
-7 1
+7 4
fi=(60)
-25 2
fe=(58)

fl=(61)
fn=(242)
31 2
-1 3
+1 4
+2 3
cfi=(62) /build/glibc-jxM2Ev/glibc-2.24/string/../sysdeps/x86_64/strrchr.S
cfn=(244) rindex
calls=1 -9 
* 24
+4 5
+1 3
+2 4

fl=(80) /build/glibc-jxM2Ev/glibc-2.24/io/../sysdeps/unix/sysv/linux/wordsize-64/fxstat.c
fn=(308) _fxstat
34 2
-1 2
+1 2
+1 12
+4 2

fl=(114) /build/glibc-jxM2Ev/glibc-2.24/stdio-common/printf_fp.c
fn=(524) __printf_fp_l
215 950
+39 95
-39 95
+30 95
+16 95
-7 380
+10 95
-10 95
+10 95
fi=(115) /build/glibc-jxM2Ev/glibc-2.24/stdio-common/../include/../locale/localeinfo.h
+45 95
fe=(114)
-24 95
fi=(115)
+24 95
fe=(114)
-24 95
fi=(115)
+24 95
fe=(114)
-42 190
+18 95
+8 95
-63 95
-1 95
332 95
+2 95
-2 95
+46 95
+3 190
+14 380
+16 855
cfi=(116) /build/glibc-jxM2Ev/glibc-2.24/stdlib/../sysdeps/ieee754/dbl-64/dbl2mpn.c
cfn=(528) __mpn_extract_double
calls=95 37 
* 1900
* 95
+4 95
-4 95
+4 190
+36 95
+12 95
-12 570
+1 95
+1 190
+2 475
+1 190
+1 190
-2 95
+1 95
-1 95
+2 95
+7 95
-8 95
+1 95
+7 95
638 34
806 35
cfi=(117) /build/glibc-jxM2Ev/glibc-2.24/stdlib/../sysdeps/x86_64/lshift.S
cfn=(530) __mpn_lshift
calls=7 29 
* 105
+1 7
+1 7
-1 28
+1 7
+4 7
+10 7
-10 7
+10 28
+2 7
-2 7
+2 7
-12 88
+10 88
-10 88
+10 352
+2 88
-2 88
+2 88
+10 190
+48 95
-61 95
+61 190
+14 380
+1 95
-1 190
+7 95
fi=(139) /build/glibc-jxM2Ev/glibc-2.24/stdio-common/../sysdeps/pthread/allocalim.h
29 190
fe=(114)
913 665
+4 95
-3 95
+3 210
+3 425
-6 510
+9 255
cfn=(538) hack_digit
calls=85 169 
* 8702
* 231
cfn=(538)
calls=77 169 
* 8254
-3 162
+3 162
-3 587
+7 425
+2 170
-4 85
+4 170
+12 170
+1 425
+1 255
-14 10
+12 20
+1 50
+1 30
+1 190
172 368
+2 321
+8 249
+21 332
cfi=(119) /build/glibc-jxM2Ev/glibc-2.24/stdlib/../sysdeps/x86_64/mul_1.S
cfn=(534) __mpn_mul_1
calls=83 32 
* 1660
+1 249
+1 345
950 224
-4 112
+1 112
+1 112
-5 353
1250 855
963 15
fi=(121) /build/glibc-jxM2Ev/glibc-2.24/stdio-common/../sysdeps/generic/get-rounding-mode.h
94 15
+1 60
-1 80
+1 415
fe=(114)
1078 285
+7 190
+3 190
+13 285
+46 570
+2 570
+2 95
-2 190
+2 570
473 234
+16 936
+35 91
-1 91
+1 273
-1 91
+1 182
cfi=(98)
cfn=(380)
calls=91 131 
* 910
* 91
+16 287
+9 14
+2 28
-2 1000
+2 2936
-57 936
+4 4680
-4 78
+4 390
+2 182
-65 224
186 498
cfi=(131) /build/glibc-jxM2Ev/glibc-2.24/stdlib/divrem.c
cfn=(612) __mpn_divrem
calls=83 46 
* 3144
+2 332
+3 83
-2 83
+3 83
-1 83
+1 498
-16 48
+1 24
-1 24
+1 48
-1 48
+1 24
cfi=(119)
cfn=(534)
calls=24 32 
* 480
* 144
959 665
+1 380
cfn=(538)
calls=95 169 
* 9159
+2 760
+2 54
+3 32
+5 6
-1 6
+1 371
172 123
540 273
cfi=(130) /build/glibc-jxM2Ev/glibc-2.24/stdlib/cmp.c
cfn=(610) __mpn_cmp
calls=91 35 
* 1099
* 350
+3 385
cfi=(98)
cfn=(380)
calls=77 131 
* 770
+1 231
+1 231
+1 77
-2 77
+1 77
+1 154
-1 77
+1 154
+6 78
+6 234
-6 78
+6 78
+4 539
+35 462
+16 77
+2 77
-2 154
+2 154
-2 77
cfi=(120) /build/glibc-jxM2Ev/glibc-2.24/stdlib/../sysdeps/x86_64/rshift.S
cfn=(536) __mpn_rshift
calls=77 29 
* 1309
+16 231
-1 77
+1 231
cfi=(120)
cfn=(536)
calls=77 29 
* 1309
+3 231
+1 385
-1 154
248 95
1154 190
+7 380
+9 285
+7 285
+5 285
cfi=(99) /build/glibc-jxM2Ev/glibc-2.24/string/../sysdeps/x86_64/strlen.S
cfn=(382) strlen
calls=95 66 
* 1520
* 95
+2 380
+5 380
+2 95
-2 95
+2 190
+11 475
+7 1140
+3 568
+3 568
-6 1137
+1 1137
+1 380
cfi=(98)
cfn=(378) __GI_mempcpy
calls=95 117 
* 1425
* 95
837 20
+2 10
-1 10
+10 20
fi=(121)
95 190
fi=(122) /build/glibc-jxM2Ev/glibc-2.24/stdio-common/../include/rounding-mode.h
-43 276
+6 42
fe=(114)
984 129
+5 301
+2 5
-2 10
+3 5
-3 96
+5 114
+4 76
+11 86
+4 20
+2 37
+1 1
-1 3
1156 285
837 95
-1 95
+1 285
+3 285
+2 85
-5 170
+2 85
-1 85
+4 170
+2 255
594 154
484 546
-2 234
-1 78
+1 156
-1 234
cfi=(117)
cfn=(530)
calls=78 29 
* 1170
+4 78
+1 78
-1 624
+1 78
-1 78
+1 78
+1 390
646 40
-3 10
+3 10
cfi=(117)
cfn=(530)
calls=10 29 
* 150
+1 10
+4 10
-9 10
+29 10
-30 10
+30 10
-24 10
+4 10
-4 30
+52 10
-49 10
+1 10
+48 20
-43 10
+2 20
-2 110
+2 220
+7 16
+1 8
+1 8
-2 24
+9 24
+1 16
+3 16
+1 16
+8 8
-7 8
-2 8
+2 8
-2 16
+2 8
-2 8
+2 16
+7 24
+22 15
+9 10
-1 5
+1 10
+5 15
-6 5
+6 5
+3 15
+34 10
cfi=(120)
cfn=(536)
calls=5 29 
* 85
+3 25
+7 5
-2 5
+2 125
-2 115
+2 450
+24 30
676 24
-5 40
cfi=(118) /build/glibc-jxM2Ev/glibc-2.24/stdlib/mul.c
cfn=(532) __mpn_mul
calls=8 48 
* 544
* 8
+18 6
+4 6
-2 3
+2 12
+16 9
+1 6
+2 3
937 10
-2 10
+2 10
-1 10
816 10
937 20
1239 285
+7 190
964 4
+3 6
1158 190
849 30
994 25
+5 410
1219 285
+17 5497
cfi=(78) /build/glibc-jxM2Ev/glibc-2.24/libio/genops.c
cfn=(502) __overflow
calls=379 228 
* 18950
* 1516
1020 15
772 40
+4 25
cfi=(119)
cfn=(534)
calls=5 32 
* 160
+1 5
+3 10
+1 10
-4 5
+3 5
+1 20
+9 5
+1 5
-1 10
1236 1
837 2
727 10
+10 5
-3 10
+3 15
+13 15
+39 15
cfi=(120)
cfn=(536)
calls=5 29 
* 85
* 10
1162 95
+23 190
566 154
+2 77
-2 77
+2 462

fn=(522) __printf_fp
1257 95
-1 95
+1 380
cfn=(524)
calls=95 215 
* 134563

fn=(538)
169 771
+3 791
+2 1028
+8 693
+21 693
cfi=(119)
cfn=(534)
calls=231 32 
* 4620
+1 462
+1 915
+4 1155
-23 1386
cfi=(131)
cfn=(612)
calls=231 46 
* 8935
+2 924
+3 231
-2 231
+3 231
-1 231
+1 1386
-16 52
+1 26
-1 26
+1 52
-1 26
+1 26
cfi=(119)
cfn=(534)
calls=26 32 
* 520
* 26
+32 156
-37 60
+37 462

fl=(88) /build/glibc-jxM2Ev/glibc-2.24/malloc/morecore.c
fn=(342) __default_morecore
46 12
+1 12
cfi=(89) /build/glibc-jxM2Ev/glibc-2.24/misc/sbrk.c
cfn=(344) sbrk
calls=12 -13 
* 473
+2 36
+3 24

fl=(100) /build/glibc-jxM2Ev/glibc-2.24/stdio-common/_itoa.c
fn=(386) _itoa_word
168 2468
+2 1234
+9 19582
+9 1234

fl=(120)
fn=(536)
29 164
+1 164
+1 164
+13 164
+1 164
+16 164
+1 164
+1 164
+1 164
+1 164
+1 164
+1 164
+5 164
+1 164
+1 164
+1 164
+1 164

fl=(117)
fn=(530)
29 95
+1 95
+2 95
+1 95
+1 95
+12 95
+1 95
+1 95
+1 95
+1 95
+1 95
+1 95
+6 95
+1 95
+1 95

fl=(81)
fn=(464) _int_free
3876 1840
+13 552
+6 736
+1 368
+11 736
+13 368
+11 392
+1 294
1895 98
3956 98
1895 196
3958 294
+1 196
+4 98
-4 98
+1 98
+9 588
+9 392
+2 98
+2 588
4140 1472
3995 172
+1 172
+15 172
+8 258
+6 172
+1 172
+1 172
1895 258
4036 172
+1 78
+2 78
-1 78
+2 996
+3 172
+5 170
+1 22
+1 2
+11 2
-1 2
+2 4
-1 83
-1 83
+2 166
+7 85
-2 85
+1 85
+1 85
+2 75
+1 75
+2 75
+1 75
+2 225
+1 75
+30 150
-34 10
+1 10
+2 30
+1 10
+30 22
+1 142
+3 213
3997 516
+8 86
-4 86
+4 258
-7 172
4128 172
+1 258
+1 430
3984 392
+68 166
-3 3
+61 40
cfn=(338) malloc_consolidate
calls=20 +47 
* 5752
* 20
-21 1
+1 3
+1 2
-78 258
-2 172
4114 355

fn=(478)
3220 76
-13 76
+15 76
-15 76
+13 76
-13 76
+10 76
-10 152
+10 76
+5 152
+8 152
+1 152
+12 532
+6 76
+8 76
-7 152
+7 152
+28 304
+3 152
+6 228
+52 532
3243 456
+62 76
-3 76
+3 152
-14 76
+14 296
+11 72
+1 144
+1 144
-2 4
+1 8
+1 8
+2 152
+8 4
-3 4
+1 4
+1 4
+1 4
+4 1
-2 1
+1 1
+1 1
-61 228
cfn=(336) _int_malloc
calls=76 3384 
* 13669
+3 76
-3 76
+3 532
+47 216
cfi=(109)
cfn=(508)
calls=72 91 
* 152134
* 72

fn=(338)
4157 161
+22 68
+1 66
+12 22
5042 22
4193 22
-11 22
+10 22
5044 22
-2 22
+2 88
4195 66
+1 66
-1 594
+1 675
+21 34
+1 360
+4 5
+4 5
-3 5
+1 5
+2 5
-4 53
+4 53
-3 53
+1 53
+2 53
+1 7
+1 7
+3 7
+1 7
+1 7
-2 7
+12 7
-12 7
+3 14
+9 7
-12 51
+1 51
+1 51
-2 51
+12 51
-12 51
+3 102
+9 51
-41 94
-3 94
+3 188
+1 94
+1 188
+2 188
+1 26
+2 26
-1 26
+2 268
+3 188
+3 116
+4 48
+18 36
+1 36
+4 36
-4 36
+1 72
+3 42
+3 6
-3 50
+3 1050
-28 1
1811 6
4179 5
1811 16
+1 12
-1 480
+1 362
-1 2
+1 2
+4 1
-4 2
+4 2
+5 2
+2 2
4252 184
1820 3

fn=(462)
2946 930
+5 372
+1 372
+6 372
+5 186
-2 186
+2 372
+18 549
+1 366
cfn=(464)
calls=183 3876 
* 23852
+1 1098
-16 3
+3 3
-3 6
+2 12
+1 4
+2 2
+1 2
-1 2
+1 2
+1 5
2842 6
+3 6
+1 3
+6 3
-7 3
+7 18
+7 3
+1 9
+5 6
cfi=(132) /build/glibc-jxM2Ev/glibc-2.24/misc/../sysdeps/unix/syscall-template.S
cfn=(624) munmap
calls=3 84 
* 15
2983 18
2842 6
2970 4

fn=(494) _int_realloc
4261 9
+21 3
+1 3
+11 3
+2 1
+1 3
+2 6
+6 2
4424 9
4315 2
+12 2
+12 4
cfn=(336)
calls=1 3384 
* 137
+1 1
-1 1
+1 1
+3 1
+6 3
+13 1
+3 2
+1 2
+2 2
+25 4
cfn=(464)
calls=1 3876 
* 73
+2 1
-32 1
+6 2
cfi=(98)
cfn=(380)
calls=1 131 
* 26
* 1

fn=(340) sysmalloc
2277 112
+20 14
+11 14
-11 14
+11 14
+1 75
fi=(83) /build/glibc-jxM2Ev/glibc-2.24/malloc/arena.c
485 44
fe=(81)
2324 33
+65 11
+1 33
+10 11
-9 11
+9 35
+6 33
+3 33
2730 22
+1 11
+5 22
+3 22
+5 11
-3 11
+3 11
-2 11
+2 33
+1 11
-1 11
-1 11
+1 22
+1 11
+2 11
+6 112
2400 70
-90 9
+14 12
+6 6
+19 9
+15 9
+5 9
+1 15
+3 9
+1 15
+4 6
+84 33
+19 11
-11 11
+11 22
-11 11
+1 11
+10 22
+8 11
-8 11
+8 11
+2 66
cfi=(88)
cfn=(342)
calls=11 46 
* 532
+1 11
-1 11
+1 11
+3 44
+3 44
+1 22
+46 22
+2 22
+6 11
-6 11
+6 31
+1 50
+2 7
+37 2
+6 4
+19 1
+3 2
+1 5
+2 2
+1 5
cfi=(88)
cfn=(342)
calls=1 46 
* 25
+12 4
+8 2
+1 4
+39 1
+1 1
-2 1
+1 3
+12 1
-12 1
+1 1
+11 1
2546 2
2332 21
cfi=(112) /build/glibc-jxM2Ev/glibc-2.24/misc/../sysdeps/unix/sysv/linux/wordsize-64/mmap.c
cfn=(516) mmap
calls=3 33 
* 99
+2 6

fn=(312)
2914 336
+5 224
+1 224
+3 888
+2 333
cfn=(336)
calls=111 3384 
* 19874
+3 111
-3 111
+3 111
+8 444
+2 1095
+3 555
-18 666
-2 1
+20 3
-20 1
cfi=(82) /build/glibc-jxM2Ev/glibc-2.24/malloc/hooks.c
cfn=(314) malloc_hook_ini
calls=1 29 
* 59551

fn=(336)
3384 567
-30 378
+30 189
-30 756
+30 567
-30 189
+30 756
+6 189
-2 378
+14 378
+2 294
+2 98
-2 98
+1 98
+5 196
+3 20
+1 4
-1 4
+1 8
+25 370
+2 321
+1 321
+2 107
-2 107
+2 214
+2 2
+4 1
+1 2
+5 1
+1 1
+3 1
-2 1
+2 2
+23 624
+1 156
+1 6
cfn=(338)
calls=3 4157 
* 1396
3854 2024
-2 368
+2 184
5042 184
3854 368
-2 184
5044 184
3854 552
5044 184
3854 1104
5044 368
3854 184
5044 184
3854 368
5044 184
-2 368
3504 552
+66 8
+1 12
+1 4
-1 4
+51 24
+7 4
-6 4
+1 4
+1 4
+1 4
+3 4
-7 120
+7 20
-6 20
+1 20
+1 20
+1 20
+3 20
3504 624
+3 66
-1 66
+1 132
+1 132
+3 66
+10 220
+34 24
-5 24
+1 24
+4 24
+13 48
+8 120
+1 10
+1 10
-1 10
+4 20
3417 20
1888 28
3805 28
1888 56
3868 1701
3576 80
+1 10
+1 10
-1 10
+4 20
+38 80
-97 88
+2 43
-1 128
+4 168
+1 42
+4 84
-3 84
+1 42
+1 84
+1 42
+2 37
+1 37
+3 74
+6 37
-6 259
+2 111
1888 37
3541 37
1888 74
3538 10
+6 5
-6 35
+2 15
1888 5
3541 5
1888 10
3638 284
+73 284
+1 284
+1 284
+1 284
+1 284
+5 309
+16 311
+2 622
-4 692
+8 35
+3 70
+2 12
+2 12
-1 12
-1 36
-27 12
+27 12
-27 12
+4 429
+3 260
-3 183
+3 240
-3 102
+3 150
3827 119
+3 119
-2 238
+2 238
+17 28
3640 312
+3 78
-3 78
+3 156
3483 3
3868 14
-6 42
cfn=(340)
calls=14 2277 
* 2242
+1 14
-1 14
+1 14
1888 42
3483 325
3727 52
+2 13
+1 26
-1 11
+1 22
3483 216
3754 138
+3 46
+5 23
-3 69
+3 267
+3 46
+3 1
-1 1
+1 3
-41 33
+53 22
+1 44
-6 22
+17 22
-6 22
+1 22
+1 22
+1 22
+3 22
+1 22
+1 44
+2 19
+1 19
+2 38
+2 19
-2 133
+2 57
+1 38
-3 6
+2 3
-2 21
+2 9
+1 6
3483 24
3835 105
-3 105
+3 105
-2 105
+2 420
+2 105
-2 105
-1 105
+6 105
-5 210
+2 105
1888 315
3762 240

fn=(486)
2988 9
+7 2
+1 2
3099 9
2997 2
cfi=(82)
cfn=(488) realloc_hook_ini
calls=1 37 
* 391
* 2

fl=(138) /build/glibc-jxM2Ev/glibc-2.24/posix/../sysdeps/unix/sysv/linux/_exit.c
fn=(688) _Exit
27 2
+4 1
+2 2

fl=(123)
fn=(560)
26 5808
+4 7920
+1 1056
+1 528
+2 528
+1 1584
-1 2640
+1 528
cfi=(74) /build/glibc-jxM2Ev/glibc-2.24/stdio-common/vfprintf.c
cfn=(292) vfprintf
calls=528 1236 
* 405005
+3 528
-3 528
+4 528
-1 528
+1 528
fi=(92) /build/glibc-jxM2Ev/glibc-2.24/debug/../libio/libioP.h
871 528
+1 528
-1 528
+1 528
+1 4224
fe=(123)
43 2640

fl=(129)
fn=(604)
47 1982940
+1 1982940
+1 1982940
+20 1982940
+1 1982940
+1 1982940
+1 1982940
+1 1982940
+1 1981694
+1 1981694
+1 1981694
+1 1981694
+2 1981694
+1 1981694
+1 1981694
+1 1981694
397 1981694
+1 1981694
+2 1981694
+2 1981694
+1 1981694
+1 1981694
+1 1981694
+2 1963931
+1 1963931
+1 1963931
+1 1963931
+2 1961721
+1 1961721
+1 1961721
+1 1961721
+2 1961521
+1 1961521
+1 1961521
+1 1961521
+1 1961521
+1 1961521
+2 1961521
+1 1961521
+1 1961521
+1 1961521
+2 1961261
+1 1961261
+1 1961261
+1 1961261
+1 1959849
+1 1959849
+1 1959849
+2 1959849
+1 1959849
+1 1959849
+1 1959849
+1 7839396
772 1412
+1 1412
+1 1412
+2 260
+1 260
+1 260
+6 200
+1 200
+2 200
+1 200
+2 200
+1 200
+2 200
+1 200
+1 200
+1 200
-9 2210
+1 2210
+2 2210
+1 2210
+2 2210
+1 2210
+1 2210
+1 2210
-6 19009
+1 19009
+2 19009
+1 19009
+1 19009
+1 19009
-3 1961521
+1 1961521
+1 1961521
+1 1961521
+2 1969370
+1 1969370
+1 1969370
+1 1969370
+1 1959849
+1 1959849
1557 23091
+1 23091
+1 5045
+1 5045
+12 5045
+1 5045
-1 18046
+1 18046
+1 11117
+1 11117
+2 11117
+1 11117
-1 11974
+1 11974
+1 5336
+1 5336
+1 5336
+1 5336
+4 17755
+1 17755
+1 17755
+1 17755

fl=(137) /build/glibc-jxM2Ev/glibc-2.24/nptl/unregister-atfork.c
fn=(646) __unregister_atfork
36 2
+3 4
+82 2

fl=(82)
fn=(314)
29 4
fi=(83)
257 1
fe=(82)
30 1
fi=(83)
257 1
fe=(82)
30 1
fi=(83)
257 1
fi=(81)
2923 7
+2 3
cfn=(336)
calls=1 3384 
* 1302
+3 1
-3 1
+3 1
+8 4
+2 10
fe=(82)
33 5
fi=(81)
2923 6
+12 1
cfi=(83)
cfn=(318) ptmalloc_init.part.5
calls=1 255 
* 58198
* 1
-15 2
fe=(82)

fn=(488)
37 9
+1 1
+1 1
-1 1
fi=(83)
257 1
fe=(82)
39 1
fi=(83)
257 3
fi=(81)
2996 2
+4 2
+7 2
+6 1
-2 1
+2 1
+2 1
-2 1
+2 2
+3 3
+8 4
+1 2
+8 8
+2 1
-2 1
+2 1
fe=(82)
42 9
fi=(81)
3078 6
+2 5
cfn=(494)
calls=1 4261 
* 306
* 1
+2 4
+1 10
fe=(82)

fl=(113) /build/glibc-jxM2Ev/glibc-2.24/stdio-common/printf-parse.h
fn=(520) read_int
73 94
+6 94
+6 94
-12 282
+2 564
+18 94

fl=(98)
fn=(378)
117 1943
+1 1943
+1 1943
+14 1943
+1 1943
+1 108
+1 108
+5 106
+1 106
+1 106
+1 106
+5 106
260 1835
+1 1835
+1 1626
+1 1626
+1 1439
+1 1439
+1 826
+1 826
+1 826
+2 826
+22 209
+1 209
+1 209
+1 209
+1 209
+3 187
+1 187
+1 187
+1 187
+1 187
+3 613
+1 613
+1 613
+1 613
+1 613
+10 2
+1 2
+1 2
+1 2
+22 2
+1 2
+1 2
+1 2
+1 2
+1 2
+1 2
+1 2
+2 2

fn=(380)
131 24070
+2 24070
+1 24070
+1 24070
+1 24070
+5 168
+1 168
+1 168
+1 168
+5 168
320 23902
+1 23902
+1 23902
+1 23902
+2 23902
+1 23902
+1 23902
+1 23902
+1 23902
+1 23902
+1 23902
+1 23902
+1 23902
+1 23902
+1 23902
+1 23902
+1 23902
+1 23902
+1 23902
+1 23902
+2 23902

fl=(109)
fn=(508)
91 63039740
+2 12607948
+1 12607948
+1 12607948
+1 12607948
+53 12607948
+1 12607948
+1 352688
+1 352688
+1 352688
+1 352688
+3 12255188
+3 12255260
+1 12255260
+1 12255260
+1 12255260
+1 12255260
+1 12255260
+1 12255260
+1 12255260
+1 12255260
+1 12255260
+1 12255260
+1 12255260
+1 12255260
+1 12255260
+2 4253722
+1 4253722
+1 4253722
+1 4253722
+1 4253722
+1 4253722
+1 4253722
+1 352760

fl=(49) /build/glibc-jxM2Ev/glibc-2.24/string/../sysdeps/x86_64/multiarch/strcspn.S
fn=(192) strpbrk
45 1
+1 1
+1 1
+1 1
+1 1
+1 1

fn=(188) strcspn
45 1
+1 1
+1 1
+1 1
+1 1
+1 1

fl=(95)
fn=(440) __strtol_internal
98 48
cfi=(96) /build/glibc-jxM2Ev/glibc-2.24/stdlib/../stdlib/strtol_l.c
cfn=(374) ____strtol_l_internal
calls=16 227 
* 1674

fn=(372)
106 4
cfi=(96)
cfn=(374)
calls=1 227 
* 124

fl=(105) /build/glibc-jxM2Ev/glibc-2.24/stdio-common/vfscanf.c
fn=(420) _IO_vfscanf
279 150
+11 15
-11 30
+11 30
+1 15
fi=(107) /build/glibc-jxM2Ev/glibc-2.24/stdio-common/../include/scratch_buffer.h
79 15
fe=(105)
291 15
fi=(107)
78 60
fe=(105)
341 90
+6 46
+3 75
+4 30
+20 15
-13 15
+13 15
-13 15
+6 15
+2 45
+5 15
-5 15
+5 90
2671 15
334 15
-50 30
+95 15
-94 15
2671 15
2215 15
295 15
-12 15
+47 30
-1 15
-1 30
-1 15
-12 15
2215 15
383 96
+37 34
+24 17
-1 17
+1 17
+3 5
+2 35
347 28
+27 106
223 16
+1 32
489 64
+49 144
3024 120
fi=(107)
86 75
fe=(105)
3027 45
+3 30
+17 30
+6 135
483 48
+24 32
+21 32
+7 16
-7 48
-21 64
618 32
+5 64
+1 45
+3 144
+1 48
+6 262
+3 152
-3 76
+3 16
+1 32
+1 48
-1 16
+1 64
+4 32
-4 48
cfi=(78)
cfn=(438) _IO_sputbackc
calls=16 +40 
* 288
+4 160
-19 45
+10 6
cfi=(78)
cfn=(422) __uflow
calls=1 350 
* 442
* 6
-96 32
1404 128
+5 16
-5 16
+5 32
261 16
+3 12
1413 16
+1 28
+4 64
+26 80
1748 96
fi=(107)
114 64
fe=(105)
1739 136
+2 68
+5 220
+64 48
+7 32
215 32
1818 32
+28 96
cfi=(78)
cfn=(438)
calls=16 679 
* 288
* 32
261 48
+3 48
1850 32
+17 32
+1 48
-1 16
+1 16
-1 32
+1 16
cfi=(95)
cfn=(440)
calls=16 98 
* 1722
* 16
+6 48
+3 80
+2 32
+4 48
+23 32
639 16
1396 16
+1 16
-2 16
+2 16
1743 36
261 36
+3 54
1805 72
+2 180
-59 80
1441 64
454 30
3014 30
1819 20
+1 20
+65 32
+2 32
+1 48
+14 160
634 2

fl=(124) /build/glibc-jxM2Ev/glibc-2.24/libio/iopadn.c
fn=(564) _IO_padn
37 90
+8 45
-8 270
+7 90
+2 31
+1 31
-1 31
+8 135
-13 90
+21 90
+2 45
fi=(106) /build/glibc-jxM2Ev/glibc-2.24/libio/libioP.h
936 135
+2 90
+1 90
fe=(124)
64 180
cfi=(77) /build/glibc-jxM2Ev/glibc-2.24/libio/fileops.c
cfn=(298) _IO_file_xsputn@@GLIBC_2.2.5
calls=45 1295 
* 3195
+1 45
+3 405

fl=(134) /build/glibc-jxM2Ev/glibc-2.24/stdlib/cxa_thread_atexit_impl.c
fn=(632) __call_tls_dtors
145 3
+1 4
+18 4

fl=(67)
fn=(260)
134 7
+4 1
-4 3
+4 4
+82 1
-82 1
+82 1
+1 4
cfi=(68) /build/glibc-jxM2Ev/glibc-2.24/stdlib/cxa_atexit.c
cfn=(262) __cxa_atexit
calls=1 57 
* 60
+22 4
+3 2
+1 5
cob=(5)
cfi=(66)
cfn=(266)
calls=1 0 
* 57
+4 4
+15 2
+12 2
cfi=(69) /build/glibc-jxM2Ev/glibc-2.24/setjmp/../sysdeps/x86_64/bsd-_setjmp.S
cfn=(280) _setjmp
calls=1 30 
* 29
+1 2
+5 2
+1 2
+3 2
+3 6
cob=(5)
cfi=(72)
cfn=(286)
calls=1 24 
* 16929346150
+34 2
cfi=(133) /build/glibc-jxM2Ev/glibc-2.24/stdlib/exit.c
cfn=(628) exit
calls=1 105 
* 974
* 2

fl=(103) /build/glibc-jxM2Ev/glibc-2.24/string/../string/strstr.c
fn=(412) __GI_strstr
53 7
+10 3
+2 2
+1 1
+23 8
-26 1
-5 2

fl=(112)
fn=(516)
33 3
-1 30
+1 9
+1 30
+2 21
-3 6

fl=(55) /build/glibc-jxM2Ev/glibc-2.24/string/../sysdeps/x86_64/multiarch/memcpy.S
fn=(208) memcpy@@GLIBC_2.14
31 1
+1 1
+1 1
+1 1
+1 1
+1 1
+9 1
+1 1
+1 1
+6 1
+1 1
+1 1
+1 1
+1 1
+10 1

fl=(133)
fn=(628)
105 1
-1 1
+1 3
cfn=(630) __run_exit_handlers
calls=1 -70 
* 969

fn=(630)
35 8
+5 3
+7 6
+4 3
-4 3
+4 3
+3 1
-1 1
+2 5
+33 1
+1 1
-1 1
+1 1
+6 2
+1 5
cfi=(78)
cfn=(676) _IO_cleanup
calls=1 954 
* 284
* 3
+2 2
cfi=(138)
cfn=(688)
calls=1 -71 
* 5
-19 1
+4 1
-4 1
+2 1
+2 1
-2 2
+2 1
cob=(1)
cfi=(135) /build/glibc-jxM2Ev/glibc-2.24/elf/dl-fini.c
cfn=(634) _dl_fini
calls=1 +47 
* 609
+1 1
-43 1
cfi=(134)
cfn=(632)
calls=1 145 
* 11
* 1

fl=(74)
fn=(292)
1236 6096
+31 2286
+8 2287
+4 3810
+11 5334
+11 762
fi=(113)
108 1524
fe=(74)
1316 762
-15 3810
fi=(113)
108 762
cfi=(75) /build/glibc-jxM2Ev/glibc-2.24/string/../sysdeps/x86_64/strchr.S
cfn=(294) strchrnul
calls=762 -84 
* 15624
fe=(74)
1316 762
fi=(113)
108 762
fe=(74)
1312 762
+4 762
fi=(76) /build/glibc-jxM2Ev/glibc-2.24/stdio-common/../libio/libioP.h
936 762
fe=(74)
1320 762
fi=(76)
936 762
+2 762
-2 2286
+2 1524
+1 1524
fe=(74)
1320 4572
cfi=(77)
cfn=(298)
calls=762 -25 
* 100850
* 1524
1690 3810
+1 1524
+3 6858
1275 1522
+41 4572
+1 4572
+3 1524
+4 762
-4 762
+4 1524
+4 7884
1552 1314
-21 1314
1370 15632
-3 977
-5 977
-4 977
-1 977
-1 977
-1 977
-1 977
-1 977
-1 977
+15 977
-16 977
-1 977
-1 977
+14 977
-4 977
+8 977
-1 1954
1630 188
+24 977
+2 1954
+8 977
fi=(113)
108 1954
fe=(74)
1664 977
fi=(113)
108 977
fe=(74)
1664 977
fi=(113)
108 977
cfi=(75)
cfn=(294)
calls=977 -84 
* 19694
fe=(74)
1668 977
-4 977
+4 2931
fi=(76)
938 2931
+1 1954
fe=(74)
1668 5862
cfi=(77)
cfn=(298)
calls=977 1295 
* 38310
* 11724
+2 2611
-34 35339
cfi=(124)
cfn=(564)
calls=31 37 
* 3484
* 2223
fi=(76)
938 1851
+1 1234
fe=(74)
1636 3702
cfi=(77)
cfn=(298)
calls=617 1295 
* 47635
* 6787
-27 1692
+27 4655
cfi=(114)
cfn=(522)
calls=95 1257 
* 135133
* 1045
1396 1490
+1 298
-1 298
+1 4768
1637 6625
1491 632
+8 632
+18 632
+3 4108
+3 282
+1 282
+26 94
+14 94
-14 282
+43 1222
fi=(113)
73 316
+12 316
-12 1264
+2 1896
fe=(74)
1637 530
-1 6787
cfi=(100)
cfn=(386)
calls=617 168 
* 24518
* 16563
+1 795
fi=(76)
938 795
+1 795
fe=(74)
1637 1060
cfi=(77)
cfn=(298)
calls=265 1295 
* 36520
* 3354
-1 5054
cfi=(124)
cfn=(564)
calls=14 37 
* 1604
* 224
+1 1325
cfi=(99)
cfn=(382)
calls=265 66 
* 5842
* 265
-72 376
+71 24
-84 564
cfi=(113)
cfn=(520)
calls=94 73 
* 1222
* 94
+4 564
+34 282
+46 42
cfi=(78)
cfn=(502)
calls=6 228 
* 300
* 36

fl=(104)
fn=(418)
26 150
+4 225
+3 15
-2 15
+3 60
-1 75
+1 15
cfi=(105)
cfn=(420)
calls=15 279 
* 9219
fi=(76)
871 15
+1 15
fe=(104)
34 15
fi=(76)
872 15
+1 120
fe=(104)
39 60

fl=(71) /build/glibc-jxM2Ev/glibc-2.24/setjmp/sigjmp.c
fn=(284) __sigjmp_save
29 1
-1 2
+1 2
+5 3

fl=(108)
fn=(450)
39 3
+14 1
-14 1
+14 2
fi=(106)
862 2
+1 3
fe=(108)
62 1
fi=(106)
936 3
+2 2
+1 2
fe=(108)
62 3
cfi=(77)
cfn=(468) _IO_file_finish@@GLIBC_2.2.5
calls=1 208 
* 31
+1 3
+18 6
+3 2
cob=(2)
cfi=(16)
cfn=(460)
calls=1 -84 
* 145
+4 5
-34 1
cfi=(78)
cfn=(452) _IO_un_link
calls=1 +6 
* 88
+2 19
+1 2
+1 2
cfi=(77)
cfn=(454) _IO_file_close_it@@GLIBC_2.2.5
calls=1 166 
* 234
* 4
fi=(106)
863 6
fe=(108)
78 2

fl=(68)
fn=(262)
57 5
-22 1
+22 1
-22 1
cfn=(264) __new_exitfn
calls=1 +38 
* 38
+2 2
+4 1
+3 1
+1 1
-4 2
+2 1
+4 1
+1 1
+11 4

fn=(264)
73 2
+6 1
-6 1
+6 1
-6 1
+6 4
+2 6
+2 3
-2 1
+10 2
-10 2
+45 1
+1 1
+3 4
+3 5
-21 1
+1 2

fl=(96)
fn=(374)
227 34
+48 17
-48 85
+47 17
-47 17
+26 17
-26 17
+26 17
+31 68
+9 102
+2 34
+5 34
+5 13
-6 13
+6 13
+4 34
+10 34
+7 34
435 17
-56 17
+56 68
+26 17
+12 17
-11 17
+11 17
-11 34
+11 34
-36 60
-4 40
+2 20
-2 20
+2 77
+44 34
+5 51
+1 16
+5 34
+3 51
-2 12
+35 4
-18 4
+18 132
329 85
-82 34
465 60
+3 84
+5 20
+1 80
274 4
+28 4
+1 8
491 26

fl=(63)
fn=(246)
31 5
+2 1
+2 1
-4 1
+4 1
-4 1
+2 3
+2 3

fl=(83)
fn=(318)
255 6
+13 1
-8 1
+8 1
+6 3
+2 5
+16 2
-56 65
-18 198
+2 130
+1 14
+1 12
337 2
+7 2
+1 2
+3 1
+1 7
-80 5
cfi=(84) /build/glibc-jxM2Ev/glibc-2.24/elf/dl-addr.c
cfn=(320) _dl_addr
calls=1 127 
* 57735
* 2
+1 4

fl=(50) /build/glibc-jxM2Ev/glibc-2.24/string/../sysdeps/x86_64/multiarch/strspn.S
fn=(194) strspn
30 1
+1 1
+1 1
+1 1
+1 1
+1 1

fl=(79) /build/glibc-jxM2Ev/glibc-2.24/libio/filedoalloc.c
fn=(304) _IO_file_doallocate
78 10
+6 8
fi=(106)
936 6
+2 4
+1 4
fe=(79)
84 6
cfi=(77)
cfn=(306) _IO_file_stat
calls=2 1237 
* 28
* 4
+2 8
+11 3
+4 4
cob=(2)
cfi=(16)
cfn=(310)
calls=2 0 
* 59750
* 2
+2 2
-1 4
+2 8
cfi=(78)
cfn=(348) _IO_setb
calls=2 380 
* 36
+1 2
+1 10
-15 1
fi=(140) /build/glibc-jxM2Ev/glibc-2.24/libio/../sysdeps/unix/sysv/linux/sys/sysmacros.h
-50 6
fe=(79)
+50 1
-2 2
+8 1
-3 1
+3 2

fl=(69)
fn=(280)
30 1
+2 1
cfi=(70) /build/glibc-jxM2Ev/glibc-2.24/setjmp/../sysdeps/x86_64/setjmp.S
cfn=(282) __sigsetjmp
calls=1 -6 
* 27

fl=(45) /build/glibc-jxM2Ev/glibc-2.24/string/../sysdeps/x86_64/multiarch/strcmp.S
fn=(180) strcasecmp
109 1
+1 1
+1 1
+1 1
+10 1

fn=(190) strncasecmp
129 1
+1 1
+1 1
+1 1
+10 1

fl=(52) /build/glibc-jxM2Ev/glibc-2.24/string/../sysdeps/x86_64/multiarch/memmove.S
fn=(200) memmove
29 1
+1 1
+1 1
+1 1
+1 1
+1 1
+9 1
+1 1
+1 1
+6 1
+1 1
+1 1
+1 1
+1 1
+10 1

fl=(78)
fn=(424) _IO_default_uflow
412 2
fi=(106)
936 2
fe=(78)
412 2
+1 1
fi=(106)
936 1
+2 2
+1 2
fe=(78)
413 2
cfi=(77)
cfn=(426) _IO_file_underflow@@GLIBC_2.2.5
calls=1 547 
* 381
+1 2
+2 4
+1 4

fn=(452)
60 4
-1 4
+5 6
+1 10
+2 1
-2 1
+1 1
+1 1
-2 1
+2 1
-2 1
+2 15
+2 1
-2 1
+2 2
+2 2
+13 1
+2 1
-2 1
+2 8
+2 1
-1 1
+1 8
+1 2
+3 5
-6 7
-13 1
+1 1
-1 2

fn=(456) _IO_unsave_markers
1053 1
+2 1
-2 1
+2 1
+19 3
+2 2

fn=(398) _IO_old_init
592 1
-16 1
+1 1
+15 1
+5 1
-21 1
+2 1
+1 1
+1 1
+17 1
-16 1
+1 1
+1 1
+1 1
+1 1
+1 1
+2 1
+1 1
+1 1
+1 1
+6 1
+1 4

fn=(352) _IO_default_xsputn
425 2
-3 5
fi=(106)
936 1
fe=(78)
422 2
fi=(106)
936 3
fe=(78)
422 1
fi=(106)
936 3
fe=(78)
430 52
+25 38
fi=(106)
938 24
+1 24
fe=(78)
455 48
cfi=(77)
cfn=(300) _IO_file_overflow@@GLIBC_2.2.5
calls=12 816 
* 508
* 24
+2 12
-2 24
+4 1
+1 3
-1 1
+1 5

fn=(396) _IO_no_init
605 9
+1 1
cfn=(398)
calls=1 -14 
* 25
+3 1
-2 1
+2 1
+2 1
+1 1
+1 1
+1 1
+1 1
+1 1
+1 1
+1 1
+1 1
+1 1
+1 1
+1 1
+2 1
+7 1
+1 6

fn=(402) _IO_link_in
98 6
-1 2
+3 2
-3 1
+5 1
-2 1
+2 5
+1 11
+2 1
-1 1
-1 1
+2 1
-2 1
+2 14
+2 1
-2 1
+4 1
+2 1
-3 1
-1 1
+4 7
+2 1
-1 1
+1 8
+1 2
+3 5
-6 7

fn=(422)
350 3
-2 4
+8 5
+3 2
+2 2
+6 2
+7 1
fi=(106)
936 3
+2 2
+1 2
fe=(78)
374 1
+1 1
-1 1
+1 2
-1 1
cfn=(424)
calls=1 +38 
* 405
-24 2
+22 3

fn=(438)
679 128
+3 96
+1 64
+9 32
+3 128
-10 128

fn=(676)
954 2
+3 1
-3 5
+3 1
cfn=(678) _IO_flush_all_lockp
calls=1 766 
* 95
-63 1
+63 1
-63 2
fi=(106)
+42 2
fe=(78)
-32 1
fi=(106)
+32 2
fe=(78)
-32 3
+8 5
+2 2
+2 1
+1 1
-1 1
+2 2
+3 1
fi=(106)
+17 2
+1 2
fe=(78)
-18 4
cfi=(77)
cfn=(684) _IO_file_setbuf@@GLIBC_2.2.5
calls=1 458 
* 83
+2 3
+4 2
+7 3
-40 9
+2 9
+2 6
+6 12
+65 9
-42 3
+1 8

fn=(502)
228 770
+2 1155
+2 385
fi=(106)
936 1155
+2 770
+1 770
fe=(78)
232 385
+1 770
-1 385
cfi=(77)
cfn=(300)
calls=385 816 
* 12705

fn=(686) _IO_default_setbuf
522 2
fi=(106)
936 1
fe=(78)
522 3
fi=(106)
936 1
fe=(78)
522 3
+1 1
fi=(106)
936 1
+2 2
+1 2
fe=(78)
523 2
cfi=(77)
cfn=(572) _IO_file_sync@@GLIBC_2.2.5
calls=1 876 
* 17
* 2
+9 1
-7 1
+7 1
-7 1
+10 2
+2 1
-2 1
+1 3
+2 6
381 1
527 1
+1 1
-1 1
+1 1
381 4
+7 1
-5 1
+1 1
+4 2

fn=(302) _IO_doallocbuf
395 4
-1 6
+3 8
+1 2
fi=(106)
936 6
+2 4
+1 4
fe=(78)
398 4
cfi=(79)
cfn=(304)
calls=2 78 
* 59913
* 4
+3 8

fn=(348)
380 9
+1 14
+3 3
+2 12
-3 3
+3 6
+3 12
-7 1
cob=(2)
cfi=(16)
cfn=(460)
calls=1 0 
* 132
* 5

fn=(430) _IO_switch_to_get_mode
175 4
+1 3
+3 3
+5 1
-1 2
+1 1
+7 1
-4 1
+2 2
+2 1
+1 1
+1 4

fn=(470) _IO_default_finish
645 4
+2 3
+6 3
+3 3
60 2
668 4

fn=(678)
766 8
+6 2
fi=(106)
936 2
fe=(78)
772 1
+11 1
fi=(106)
936 2
fe=(78)
782 3
-1 3
+1 3
+3 9
+10 6
+4 3
-2 3
+2 6
+7 3
-7 3
-20 6
+31 2
+2 3
+4 9
-38 1
-1 1
-5 1
+7 2
+6 12

fl=(70)
fn=(282)
26 1
+9 1
+1 2
+1 1
+4 1
+1 1
+1 1
+1 1
+1 1
+2 2
+2 1
+1 1
+1 1
+2 2
+2 1
+8 1
cfi=(71)
cfn=(284)
calls=1 -34 
* 8

fl=(116)
fn=(528)
37 95
-2 95
+2 190
+1 95
+9 190
+9 95
-18 285
+18 95
-18 95
+9 95
+9 95
+4 2
+2 1
+45 2
-4 188
+4 94
-4 94
+4 94

fl=(125)
fn=(570)
33 176
-1 352
+7 264
+1 88
fi=(106)
936 264
+2 176
+1 176
fe=(125)
40 176
cfi=(77)
cfn=(572)
calls=88 876 
* 11616
* 352
fi=(106)
862 176
+1 704
fe=(125)
44 440
-5 1144

fl=(46) /build/glibc-jxM2Ev/glibc-2.24/time/../sysdeps/unix/sysv/linux/x86/time.c
fn=(182) time
38 1
-1 1
+1 6
fi=(47) /build/glibc-jxM2Ev/glibc-2.24/time/../sysdeps/generic/dl-hash.h
+10 3
+14 4
-17 3
+3 9
+14 12
-17 9
+22 1
fe=(46)
-29 2
+3 2
-3 1
+3 1
cfi=(48)
cfn=(186)
calls=1 -14 
* 6
+1 3
+1 2

fl=(77)
fn=(300)
816 1266
+7 422
-8 2110
+8 2106
+35 844
+3 794
+3 1191
+1 1191
+1 1985
+5 1588
-45 2
+12 2
+9 4
+8 1
-4 1
+3 2
-2 2
-3 1
+1 2
+5 1
-1 1
+1 3
+1 2
+12 2
-1 1
+1 1
-1 1
cfn=(350) _IO_do_write@@GLIBC_2.2.5
calls=1 502 
* 105
* 2
-8 25
+1 25
+11 75
-12 25
cfn=(350)
calls=25 502 
* 2524
-31 2
cfi=(78)
cfn=(302)
calls=1 395 
* 59676
+1 6

fn=(354) _IO_file_write@@GLIBC_2.2.5
1266 113
-2 678
+2 452
+4 226
+1 452
cfi=(91) /build/glibc-jxM2Ev/glibc-2.24/io/../sysdeps/unix/syscall-template.S
cfn=(356) write
calls=113 84 
* 791
+1 226
+5 113
+1 113
-12 226
+5 226
+10 339
+3 1017

fn=(468)
208 4
+1 2
+7 1
-1 2
+1 2
-1 1
cfi=(78)
cfn=(470)
calls=1 645 
* 19

fn=(350)
502 342
+1 1
-3 1130
+11 226
+7 791
+8 113
fi=(106)
938 226
+1 226
fe=(77)
526 452
cfn=(354)
calls=113 1266 
* 4972
* 113
+1 565
+6 113
-4 113
+4 113
-4 339
+1 226
+3 113
-2 113
-29 452
+1 904
+29 226

fn=(426)
547 3
+6 3
-14 5
+17 3
+13 2
fi=(106)
863 1
fe=(77)
589 2
cfi=(78)
cfn=(430)
calls=1 175 
* 24
+11 1
-5 1
fi=(106)
938 1
fe=(77)
595 2
fi=(106)
938 1
fe=(77)
596 1
+2 1
fi=(106)
939 1
fe=(77)
597 2
fi=(106)
939 1
fe=(77)
600 4
cfn=(432) _IO_file_read
calls=1 1224 
* 11
+2 2
+16 1
-9 1
+9 2
+2 1
+1 2
-1 1
+1 4
-67 3
+5 3
+5 2
cfi=(78)
cfn=(302)
calls=1 395 
* 287
* 2

fn=(684)
458 2
+1 1
cfi=(78)
cfn=(686)
calls=1 +63 
* 68
* 2
+4 2
-1 2
+2 3
+2 1
+1 2

fn=(404) _IO_file_fopen@@GLIBC_2.2.5
257 7
+11 2
+2 3
433 9
295 12
+41 6
cfn=(406) _IO_file_open
calls=1 222 
* 43
+3 1
-3 1
+3 1
+17 3
cfi=(103)
cfn=(412)
calls=1 53 
* 24
+1 1
-1 1
+1 1
-83 1
-1 1
-15 2

fn=(406)
222 6
+3 1
-3 1
+3 1
+4 3
cfi=(91)
cfn=(408) open
calls=1 84 
* 7
+4 1
-4 1
+4 1
+3 1
-1 1
+1 2
+3 1
-3 2
+3 1
-3 1
+3 1
+10 2
cfi=(78)
cfn=(402)
calls=1 98 
* 4
+1 1
+1 4

fn=(454)
166 3
+2 3
+4 1
+3 2
-3 1
-1 2
+6 1
+3 1
-3 1
cfi=(78)
cfn=(456)
calls=1 1053 
* 9
+3 2
+4 3
+9 5
cfi=(78)
cfn=(348)
calls=1 380 
* 161
+1 2
+3 1
-3 1
+1 3
+2 1
cfi=(78)
cfn=(452)
calls=1 60 
* 3
+5 1
-4 1
+1 1
+1 1
+2 1
+1 5
-23 1
fi=(106)
936 3
+2 2
+1 2
fe=(77)
180 2
cfn=(458) _IO_file_close
calls=1 1258 
* 6
* 2

fn=(400) _IO_new_file_init_internal
144 2
+4 1
-4 2
+5 1
-1 1
+3 1
cfi=(78)
cfn=(402)
calls=1 -53 
* 81
+1 1
+1 4

fn=(432)
1224 4
cfi=(91)
cfn=(434) read
calls=1 84 
* 7

fn=(458)
1258 5
+1 1

fn=(298)
1295 2666
-1 5332
-6 18490
+13 7396
+17 4
+4 1848
+5 7392
cfi=(98)
cfn=(378)
calls=1848 117 
* 27211
* 1848
+6 1848
-1 1848
+1 3696
+2 3696
+27 3698
+1 15609
-45 1
+21 1
fi=(106)
936 3
+2 2
+1 2
fe=(77)
1339 24
fi=(106)
936 72
+2 48
+1 48
fe=(77)
1339 75
cfn=(300)
calls=25 816 
* 62778
* 50
+6 50
+1 150
+2 75
+11 50
+1 4
cfi=(78)
cfn=(352)
calls=1 425 
* 781
* 2
-57 5544
+1 3696
+3 5544
+2 24720
-2 20064
+4 24
+11 120

fn=(306)
1237 2
+1 6
cfi=(80)
cfn=(308)
calls=2 34 
* 20

fn=(572)
876 356
+5 356
+1 440
+1 89
+1 178
+17 89
+4 89
-4 89
+4 267
-23 176
cfn=(350)
calls=88 502 
* 9240
* 264

fl=(118)
fn=(532)
48 80
+6 8
-6 24
+6 8
+13 8
-1 16
+5 8
+1 16
+9 8
cfi=(119)
cfn=(534)
calls=8 -49 
* 256
+2 8
+5 8
-5 16
+1 8
+4 8
+54 64

fl=(89)
fn=(344)
34 12
+8 12
-8 36
+8 69
+4 24
+4 66
+12 5
-19 2
cfi=(90) /build/glibc-jxM2Ev/glibc-2.24/misc/../sysdeps/unix/sysv/linux/x86_64/brk.c
cfn=(346) brk
calls=1 -12 
* 12
* 4
+15 22
cfi=(90)
cfn=(346)
calls=11 -27 
* 132
* 22
+4 55

fl=(131)
fn=(612)
46 2512
+3 628
234 2826
62 314
+1 314
-16 314
+18 628
+7 1405
+1 259
-1 518
+1 518
-1 518
+4 628
+3 314
+2 314
-14 23
+1 46

fl=(75)
fn=(294)
24 1739
+1 1739
+1 1739
+1 1739
+1 1739
+1 1739
+1 1739
+1 1739
+1 1736
+1 1736
+1 1736
+1 1736
+1 1736
+1 1736
+1 1736
+1 1736
+1 1736
+1 1719
+2 1719
+7 1719
+4 17
+1 17
+1 17
+1 17
+1 17
+1 17
+1 17
+1 17
+1 17
+1 17
+1 17
+1 17
+1 17
+1 17
+1 17
+1 17
+1 17
+1 17
+1 17
+1 17
+1 17
+1 17
+1 17
+1 19
+5 1
+1 1
+3 1
+1 1
+1 1
+1 1
+1 1
+1 1
+1 1
+1 1
+1 1
+1 1
+1 1
+1 1
+1 1
+1 1
+1 1
+1 1
+1 1
+1 1
+2 1
+1 1
+2 1
+1 1
+1 1
+1 1
+1 1
+1 1
+1 1
+1 1
+2 1
+1 1
+1 1
+1 1
+1 1
+1 1
+1 1
+1 1
+1 1
+1 1
+3 1
+2 1
+7 1
-9 19
+2 19
+7 19
+4 3
+1 3
+1 3
+1 3
+1 3
+1 3
+1 3
+1 3
+1 3
+1 3
+1 3
+1 3
+1 3
+1 3
+1 3
+1 3
+1 3
+1 3
+1 3
+1 3
+1 3
+1 3
+1 3
+1 3
+1 3
+1 3
+1 3
+1 3
+1 3
+1 3
+1 3
+1 3
+1 3
+1 3
+1 3
+1 3
+1 3
+1 3
+1 1

fl=(90)
fn=(346)
31 96
+8 12
-6 24
+7 12

fl=(91)
fn=(356)
84 226
cfn=(358) __write_nocancel
calls=113 * 
* 565

fn=(408)
84 2
cfn=(410) __open_nocancel
calls=1 * 
* 5

fn=(436) __read_nocancel
84 5

fn=(358)
84 565

fn=(410)
84 5

fn=(434)
84 2
cfn=(436)
calls=1 * 
* 5

fl=(51)
fn=(366)
29 5242896
+1 1310724

fn=(196) gettimeofday
37 2
-1 2
+1 12
fi=(47)
+11 6
+14 8
-17 6
+3 18
+14 24
-17 18
+22 2
fe=(51)
-30 4
+3 4
-3 2
+3 2
cfi=(48)
cfn=(186)
calls=2 -13 
* 12
+1 6
+1 4

fl=(48)
fn=(186)
27 10
+4 10
-3 5
+20 5

fl=(102)
fn=(414) __fopen_maybe_mmap
41 1
-2 1
+2 1
+15 1

fn=(394) __fopen_internal
61 6
+8 1
-8 2
+8 1
cob=(2)
cfi=(16)
cfn=(310)
calls=1 -69 
* 189
+2 3
+3 1
+3 4
-3 1
+3 2
cfi=(78)
cfn=(396)
calls=1 605 
* 58
+4 1
+1 1
-1 1
+1 1
cfi=(77)
cfn=(400)
calls=1 +62 
* 94
+4 5
cfi=(77)
cfn=(404)
calls=1 257 
* 119
* 1
+1 1
-1 1
+6 5
-5 1
cfn=(414)
calls=1 -46 
* 4

fn=(392)
97 2
cfn=(394)
calls=1 -36 
* 503

fl=(84)
fn=(320)
127 9
+5 1
-5 2
+5 2
cob=(1)
cfi=(2) /build/glibc-jxM2Ev/glibc-2.24/elf/rtld.c
cfn=(52) rtld_lock_default_lock_recursive
calls=1 688 
* 2
+2 2
cob=(1)
cfi=(85) /build/glibc-jxM2Ev/glibc-2.24/elf/../sysdeps/x86_64/dl-trampoline.h
cfn=(328) _dl_runtime_resolve_avx
calls=1 -70 
* 1164
* 5
+2 2
30 1
+1 1
-1 1
+1 1
+3 2
+5 1
+6 1
-7 1
+2 2
+2 1
-2 1
+2 1
+3 1
+5 8
+2 1
+1 2
-1 1010
+1 2020
+2 3628
+9 2019
+7 25
-2 25
+2 2264
-2 2214
+2 5760
-10 11195
+2 8956
+1 14345
+7 1011
-21 2022
+50 3
+1 1
+1 3
+3 2
+37 2
cob=(1)
cfi=(2)
cfn=(54) rtld_lock_default_unlock_recursive
calls=1 694 
* 2
+3 9
-28 1
+1 1
+21 2

fl=(132)
fn=(624)
84 12
+1 3

fl=(64) /build/glibc-jxM2Ev/glibc-2.24/string/../sysdeps/x86/cacheinfo.c
fn=(250) handle_intel
262 6
-1 6
+17 3
-17 18
+14 3
+1 6
-3 9
+23 12
cfn=(252) intel_check_word
calls=3 133 
* 996
+1 6
+3 15
cfn=(252)
calls=3 133 
* 371
+1 6
-17 6
+5 3
-5 9
+5 3
+2 3
+1 3
-1 6
+27 24

fn=(252)
133 12
+6 6
-7 30
+7 24
-7 6
+7 6
+2 6
-2 6
+2 6
+68 12
+3 36
-69 6
+2 12
-2 9
+2 18
+8 30
+51 24
+22 12
fi=(65) /build/glibc-jxM2Ev/glibc-2.24/string/../bits/stdlib-bsearch.h
27 12
+1 24
+3 24
+1 12
fe=(64)
+89 24
fi=(65)
-90 18
+1 9
fe=(64)
+89 18
+3 81
fi=(65)
-95 69
+2 69
-2 69
+2 120
+1 60
fe=(64)
+89 120
251 12
141 24
-6 3
256 36
fi=(65)
37 12
-8 27
fe=(64)
165 9
+3 9
+4 6
+2 6
+1 6
-1 6
+1 8
+2 4
-1 4
+1 6
-12 4
+12 4
+1 18
+1 14
+1 10
+17 5
-32 15
+3 15
+4 10
+2 20
+1 10
+1 10
+1 10
+5 3
+2 6
+2 3
+2 3
+1 3
-3 3
+2 3
-1 3
+1 3
-2 3
+3 3
-2 9
+2 9

fn=(248) init_cacheinfo
485 7
+12 4
774 3
+1 8
499 4
cfn=(250)
calls=1 262 
* 453
+2 2
-2 1
+2 1
cfn=(250)
calls=1 262 
* 516
+5 2
-5 1
+5 1
cfn=(250)
calls=1 262 
* 545
+8 1
-8 1
+8 1
+11 1
-20 1
+25 2
+4 2
+8 6
+3 2
+9 6
+14 2
+4 1
+3 1
+1 1
-4 1
+3 1
-3 1
+3 1
+6 4
-39 3
+3 9
+6 6
-6 3
+6 2
+3 20
+5 2
+4 1
+1 1
-1 3
686 4
+1 4
+4 2
+60 2
+2 1
+1 1
+2 1
-3 1
+5 1
-5 1
+4 3
+4 2
+2 1
+1 1
+2 1
-3 1
+5 1
-5 1
+4 4
587 2
+8 8
+2 3
+4 2
-4 1
-2 1
+4 1
+23 4
-23 6
+2 6
+2 2
+1 2
+1 8
+2 4
+3 2
+5 1
+2 2
+1 1
-1 1
+2 1
-2 1
+1 2
+7 2
+4 2
+3 1
+2 2
+1 1
-1 2
+1 1
+5 2
+6 2
+1 2
+1 1
+1 2

fl=(53) /build/glibc-jxM2Ev/glibc-2.24/string/../sysdeps/x86_64/multiarch/memset.S
fn=(204) memset
28 1
+1 1
+1 1
+1 1
+1 1
+1 1
+1 1
+1 1
+2 1
+1 1
+15 1

fl=(54) /build/glibc-jxM2Ev/glibc-2.24/string/../sysdeps/x86_64/multiarch/memcmp.S
fn=(206) bcmp
29 1
+1 1
+1 1
+4 1
+1 1
+1 1
+1 1

fl=(99)
fn=(382)
66 360
+1 360
+1 360
+1 360
+1 360
+1 360
+1 360
+2 360
+2 360
+30 360
+1 360
+1 360
+1 360
+1 360
+1 271
+1 271
+4 89
+1 89
+1 89
+1 89
+1 89
+1 89
+1 89
+1 89
+1 89
+1 89
+1 89
+1 89
+5 712

fl=(119)
fn=(534)
32 377
+3 377
+1 377
+1 377
+1 377
+1 377
+2 377
+1 377
+2 377
+1 377
+1 377
+1 377
+1 364
+2 364
+1 364
+1 364
+1 364
+26 13
+1 13
+1 13
+1 13
+1 13
+1 13
+1 13
+1 13
+1 13
+26 13
+1 13
+1 13
+2 13
+1 13
+1 13
+1 13
+1 13
+1 13
+2 13
+3 13
-5 364
+2 364
+3 364

fl=(130)
fn=(610)
35 185
+2 92
+1 92
+1 184
+8 546

fl=(62)
fn=(244)
24 1
+1 1
+1 1
+1 1
+1 1
+1 1
+1 1
+1 1
+1 1
+1 1
+1 1
+1 1
+1 1
+1 1
+1 1
+1 1
+1 1
+1 1
+1 1
+1 1
+1 1
+1 1
+1 1
+1 1

fl=(73)
fn=(290)
26 3544
+4 3978
+1 468
+1 468
+2 234
+1 702
-1 1170
+1 234
cfi=(74)
cfn=(292)
calls=234 1236 
* 305363
+3 234
-3 234
+3 234
+1 468
fi=(92)
871 234
+1 468
+1 1872
fe=(73)
43 1404

fl=(136)
fn=(644)
31 8
+17 2
-17 8
+4 8
+4 12
-4 6
+32 8
+4 12
-4 6
+12 4
+3 2
-2 2
+2 12
-2 2
cfi=(137)
cfn=(646)
calls=2 -44 
* 8

ob=(1)
fl=(43) /build/glibc-jxM2Ev/glibc-2.24/elf/dl-reloc.c
fn=(164) _dl_relocate_object
149 40
+15 4
-15 8
+15 4
+1 24
+6 8
+6 12
-18 6
+22 6
+7 4
-32 4
+32 4
+44 4
fi=(5) /build/glibc-jxM2Ev/glibc-2.24/elf/../sysdeps/x86_64/dl-machine.h
76 12
fe=(43)
232 8
fi=(5)
76 10
+6 4
+4 6
+14 2
-8 2
+10 2
-2 4
+20 4
+9 6
fe=(43)
259 153
-99 8
fi=(5)
305 16
fe=(43)
-46 2
fi=(4) /build/glibc-jxM2Ev/glibc-2.24/elf/do-rel.h
58 2
-10 2
-1 4
+11 2
-11 2
+11 2
fe=(43)
259 2
-99 8
fi=(5)
305 16
fe=(43)
-46 2
fi=(4)
58 2
-10 2
-1 4
+11 2
-11 2
+11 2
fe=(43)
259 4
fi=(4)
58 4
-10 4
-1 8
+11 4
-11 4
+11 4
+3 8
fi=(5)
532 12
+4 12
+2 18
+1 6
fi=(4)
61 39
+2 56
+2 26
-4 3
+13 4
+1 5
+1 16
fi=(5)
532 8
+24 8
fi=(4)
75 8
fi=(5)
556 8
+2 8
cob=(3)
cfi=(52)
cfn=(200)
calls=1 29 
* 15
cob=(3)
cfi=(51)
cfn=(196)
calls=1 37 
* 66
cob=(3)
cfi=(50)
cfn=(194)
calls=1 30 
* 6
cob=(3)
cfi=(49)
cfn=(192)
calls=1 45 
* 6
cob=(3)
cfi=(45)
cfn=(190)
calls=1 129 
* 5
cob=(3)
cfi=(49)
cfn=(188)
calls=1 45 
* 6
cob=(3)
cfi=(46)
cfn=(182)
calls=1 38 
* 66
cob=(3)
cfi=(45)
cfn=(180)
calls=1 109 
* 5
fi=(4)
75 8
fi=(5)
559 8
fi=(4)
75 11
fe=(43)
259 2
fi=(4)
75 14
fe=(43)
259 14
+3 16
+24 4
+3 8
+17 12
+2 32
fi=(4)
84 6
-1 12
+3 24
+12 18
+10 8
+3 11
fi=(5)
516 3
fi=(4)
112 6
fi=(5)
516 1204
fi=(4)
112 2396
fi=(5)
516 2396
+5 2402
+1 2402
fi=(4)
111 2402
fi=(5)
522 1201
fi=(4)
111 1201
+7 18
+6 5
-3 10
+3 11
fi=(5)
472 9
fi=(4)
127 464
+9 232
+3 116
-3 116
+3 116
fi=(5)
273 116
fi=(4)
138 116
-2 116
+1 464
fi=(5)
273 116
+21 232
+4 232
+7 464
fi=(44) /build/glibc-jxM2Ev/glibc-2.24/elf/../sysdeps/generic/ldsodefs.h
102 306
fi=(5)
305 2047
fi=(4)
138 97
fi=(5)
305 194
fi=(4)
138 97
fi=(5)
305 97
fi=(4)
138 97
fi=(5)
305 194
fi=(4)
138 2
fi=(5)
305 4
fi=(4)
138 2
fi=(5)
305 2
fi=(4)
138 2
fi=(5)
305 1390
cfi=(6) /build/glibc-jxM2Ev/glibc-2.24/elf/dl-lookup.c
cfn=(172) _dl_lookup_symbol_x
calls=99 810 
* 59992
* 792
+2 306
+3 111
-3 222
+3 333
+6 696
fe=(43)
178 8
+3 3
fi=(5)
411 42
+4 70
+5 42
+9 28
fi=(4)
124 42
fi=(5)
420 100
+9 200
fi=(4)
124 312
+19 6
fi=(5)
305 60
478 6
+4 14
cfi=(18) /build/glibc-jxM2Ev/glibc-2.24/string/../sysdeps/x86_64/multiarch/../multiarch/memmove-vec-unaligned-erms.S
cfn=(48) memcpy
calls=2 131 
* 20
+2 8
+1 2
fe=(43)
314 24
+3 4
-3 4
+3 4
+4 8
+1 12
cfi=(37) /build/glibc-jxM2Ev/glibc-2.24/misc/../sysdeps/unix/syscall-template.S
cfn=(124) mprotect
calls=4 84 
* 20
* 12
fi=(5)
123 10
+6 8
fe=(43)
259 3
fi=(5)
+54 32
+1 4
cob=(3)
cfi=(55)
cfn=(208)
calls=1 31 
* 15
cob=(3)
cfi=(54)
cfn=(206)
calls=1 29 
* 7
cob=(3)
cfi=(53)
cfn=(204)
calls=1 28 
* 11
cob=(3)
cfi=(51)
cfn=(196)
calls=1 37 
* 66
* 16
-9 53
fi=(4)
160 7
+2 24
+8 12
+1 6
-1 6
+1 6
fi=(5)
273 6
fi=(4)
170 18
fi=(5)
273 6
+21 12
+4 12
+7 24
fi=(44)
102 18
fi=(5)
305 210
cfi=(6)
cfn=(172)
calls=6 810 
* 2932
* 48
+2 18
+3 1
-3 2
+3 3
+6 36
420 6
+9 12
fi=(4)
160 19
+14 2
fi=(5)
305 36
fe=(43)

fl=(135)
fn=(634)
130 8
+20 15
+3 2
cfi=(2)
cfn=(52)
calls=1 688 
* 2
+2 1
+3 2
+2 8
+8 1
-3 1
+3 4
+5 1
-5 3
+7 8
+2 8
+2 4
+1 4
+5 4
-6 4
-6 4
+8 4
-8 9
+14 9
+1 2
+4 1
31 1
+2 1
192 1
33 1
+6 1
-1 1
+2 1
-2 2
+1 6
+1 1
-1 1
+1 1
cfi=(26) /build/glibc-jxM2Ev/glibc-2.24/string/../sysdeps/x86_64/multiarch/../multiarch/memset-vec-unaligned-erms.S
cfn=(76) memset
calls=1 +51 
* 13
* 1
+77 15
+3 14
cfi=(26)
cfn=(76)
calls=2 -29 
* 32
* 3
-76 6
+1 3
-1 3
+1 6
+4 12
+6 6
+1 6
+2 15
+1 7
+2 9
+1 6
201 3
cfi=(2)
cfn=(54)
calls=1 694 
* 2
+5 3
81 4
208 1
+2 3
-2 3
+2 9
+3 8
+3 12
+4 4
+11 2
+1 2
-1 2
+2 4
+1 6
+1 4
cob=(4)
cfi=(57)
cfn=(658)
calls=1 0 
* 72
cob=(5)
cfi=(66)
cfn=(636)
calls=1 0 
* 72
-1 8
+5 4
+1 6
cob=(2)
cfi=(16)
cfn=(674)
calls=1 0 
* 3
cob=(2)
cfi=(16)
cfn=(656)
calls=1 0 
* 3
+6 24
+16 8
-56 11
+11 6
92 9
+21 3
-57 8
268 6
+6 2
+7 8

fl=(10) /build/glibc-jxM2Ev/glibc-2.24/elf/../sysdeps/unix/sysv/linux/x86_64/brk.c
fn=(18) brk
31 7
+8 1
-6 2
+7 1

fl=(87) /build/glibc-jxM2Ev/glibc-2.24/elf/dl-open.c
fn=(334) _dl_find_dso_for_object
182 5
+1 4
+1 12
+1 2
+3 2
+4 1
-9 6

fl=(8) /build/glibc-jxM2Ev/glibc-2.24/elf/../sysdeps/x86/cpu-features.c
fn=(22) get_common_indeces.constprop.1
28 1
-5 1
+5 3
+3 3
+4 1
-4 1
+4 1
-4 1
+3 1
+1 2
+1 4
+1 4
+1 3
+1 2
+7 2
+1 7
+7 3
+4 2
+2 4
+34 2
-30 2
+2 1
+2 3
+5 3
+16 2

fl=(85)
fn=(328)
64 1
+3 1
+2 1
+2 1
+3 1
+1 1
+1 1
+1 1
+1 1
+1 1
+1 1
+1 1
+1 1
+1 1
+1 1
+1 1
+1 1
+1 1
+1 1
+5 1
+1 1
+1 1
+1 1
+14 1
+1 1
+1 1
cfi=(86) /build/glibc-jxM2Ev/glibc-2.24/elf/../elf/dl-runtime.c
cfn=(330) _dl_fixup
calls=1 -46 
* 1082
+1 1
+5 1
+1 1
+1 1
+1 1
+13 1
+1 1
+1 1
+1 1
+1 1
+1 1
+1 1
+1 1
+1 1
+1 1
+1 1
+1 1
+1 1
+1 1
+1 1
+2 1
+2 1
+4 1
+3 1
cfi=(87)
cfn=(334)
calls=1 +23 
* 32

fl=(15) /build/glibc-jxM2Ev/glibc-2.24/elf/dl-object.c
fn=(34) _dl_new_object
61 33
+1 3
-1 6
+1 3
cfi=(11) /build/glibc-jxM2Ev/glibc-2.24/string/../sysdeps/x86_64/strlen.S
cfn=(24) strlen
calls=3 +4 
* 66
+6 3
-6 12
+6 12
+1 21
+6 15
cfi=(17)
cfn=(38) calloc
calls=3 +26 
* 102
* 3
+3 3
-3 3
+3 3
+4 3
+5 6
-6 3
+1 6
+5 3
-1 3
+1 3
-1 3
+1 3
cfi=(18)
cfn=(48)
calls=3 +44 
* 41
+10 3
-10 3
+11 3
-1 3
-10 3
+10 3
-8 3
+8 6
+1 3
-1 3
+1 9
+3 3
-3 3
+3 3
+9 3
-7 3
+4 3
+3 9
+2 2
-2 2
+2 30
-2 30
+12 3
+6 3
-5 3
-1 3
+6 15
+2 2
+3 2
-3 2
+3 2
-3 4
+7 6
+4 6
+8 1
+3 1
+3 2
-3 1
+3 1
-3 2
+3 4
-3 2
+3 2
+2 6
cfi=(11)
cfn=(24)
calls=2 -91 
* 68
+4 2
-4 8
+4 6
+64 2
+4 27
102 8
+39 6
+70 6
cfi=(18)
cfn=(72) mempcpy
calls=2 -94 
* 32
* 42
+6 40
-1 40
+1 42
-1 2
+1 6
+5 4
-89 2
+32 4
cfi=(17)
cfn=(42) malloc
calls=2 -73 
* 46
* 2
+1 2
-1 2
+1 6
-33 2

fn=(50) _dl_add_to_namespace_list
32 15
+2 6
cfi=(2)
cfn=(52)
calls=3 688 
* 6
+2 3
-2 3
+2 19
+3 15
+2 2
+2 2
+4 2
+4 2
-4 4
+1 2
+4 4
-4 2
+1 2
+3 2
-3 2
+2 2
cfi=(2)
cfn=(54)
calls=2 694 
* 4
-4 1
+4 1
-4 2
+1 1
+4 2
-4 1
+1 1
+3 1
-3 1
+2 1
cfi=(2)
cfn=(54)
calls=1 694 
* 2
-5 2

fl=(37)
fn=(124)
84 24
+1 6

fn=(216) munmap
84 4
+1 1

fl=(6)
fn=(172)
810 1060
572 106
810 530
572 530
+1 106
-1 106
+1 318
-1 318
+1 1307
-1 1307
+1 3921
-1 4027
813 106
-1 106
+4 106
+4 106
-8 106
+1 106
+7 296
+7 106
-2 106
+2 106
-2 106
+6 106
-7 106
+7 212
-7 954
+15 10
-8 50
+2 1378
cfn=(174) do_lookup_x
calls=106 355 
* 42415
+3 318
+26 318
+21 96
+1 672
+31 96
+9 384
+14 288
+3 384
+5 96
+2 954
-84 70
+15 10
+1 20
+59 2

fn=(10) _dl_setup_hash
959 12
+4 4
+4 8
+2 4
-1 4
+3 12
+1 4
+1 4
+3 4
-3 4
+7 4
-4 4
-1 4
+3 4
+2 4
-7 4
+7 8

fn=(174)
355 742
+1 106
-1 530
+48 106
-30 106
-11 106
+41 106
+3 212
-3 212
-30 424
+33 424
-40 212
+3 212
-3 448
+3 448
+4 672
+4 656
+4 656
+6 984
+8 328
-4 328
+1 328
+3 656
+1 984
+3 328
+1 656
+4 656
+3 328
-5 328
+5 984
+3 2296
-99 232
557 1604
+1 110
cfi=(33) /build/glibc-jxM2Ev/glibc-2.24/elf/dl-misc.c
cfn=(108) _dl_name_match_p
calls=55 288 
* 5829
* 165
+3 702
+3 10
+1 848
-96 192
fi=(44)
102 288
fe=(6)
520 192
+3 712
+4 42
+12 192
+1 96
+1 192
414 404
-1 202
+2 202
+2 1313
+13 288
-10 960
+2 192
+1 480
-1 96
+2 96
-1 192
+1 96
-1 288
-1 96
+1 288
cfn=(176) check_match
calls=96 92 
* 9057
+4 288
+34 10
267 35
439 864

fn=(176)
92 768
+3 672
+12 576
+3 520
cfi=(19) /build/glibc-jxM2Ev/glibc-2.24/string/../sysdeps/x86_64/multiarch/../strcmp.S
cfn=(56) strcmp
calls=34 +34 
* 1403
* 68
+5 96
-1 96
+1 96
+2 190
+19 190
+1 760
+46 96
-7 96
+7 480
-18 2
+2 2
+1 1
-1 2
+1 3
-1 2
-29 285
cfi=(19)
cfn=(56)
calls=95 +6 
* 2368
* 285

fl=(13) /build/glibc-jxM2Ev/glibc-2.24/elf/dl-environ.c
fn=(30) _dl_next_ld_env_entry
30 3
+3 10
+13 63
-13 189
+2 130
+1 20
+5 2
-3 2
+3 2
+2 2
+7 1

fl=(11)
fn=(24)
66 14
+1 14
+1 14
+1 14
+1 14
+1 14
+1 14
+2 14
+2 14
+30 13
+1 13
+1 13
+1 13
+1 13
+1 6
+1 6
+4 7
+1 7
+1 7
+1 7
+1 7
+1 7
+1 7
+1 7
+1 7
+1 7
+1 7
+1 7
+5 56
+4 1
+1 14
+1 8

fl=(56) /build/glibc-jxM2Ev/glibc-2.24/elf/dl-init.c
fn=(222) call_init.part.0
36 4
+3 4
-3 8
+3 12
-11 21
+16 15
+5 4
+9 12
cob=(3)
cfi=(58)
cfn=(236)
calls=1 -6 
* 176
cob=(2)
cfi=(16)
cfn=(224)
calls=1 -58 
* 6
* 2
+4 4
+6 2
+2 4
-2 4
+3 10
+1 8
cob=(3)
cfi=(64)
cfn=(248)
calls=1 485 
* 1748
cob=(4)
cfi=(57)
cfn=(228)
calls=1 -72 
* 17
* 2
-1 4
+3 18
-29 3
-5 2
+34 1

fn=(220) _dl_init
80 11
+1 1
+1 1
+3 3
+8 2
+1 2
+25 15
+1 12
-90 20
cfn=(222)
calls=3 +6 
* 2015
* 3
+96 8
-96 2
+58 2
+16 1
cfn=(222)
calls=1 -68 
* 76
* 1

fl=(32) /build/glibc-jxM2Ev/glibc-2.24/setjmp/../sysdeps/x86_64/setjmp.S
fn=(102) __sigsetjmp
26 3
+9 3
+1 6
+1 3
+4 3
+1 3
+1 3
+1 3
+1 3
+2 6
+2 3
+1 3
+1 3
+2 6
+2 3
+4 3
+1 3

fl=(18)
fn=(48)
131 16
+2 16
+1 16
+1 8
+1 8
+5 5
+1 5
+1 5
+1 5
+5 5
260 8
+1 8
+1 1
+1 1
+1 1
+1 1
+1 1
+1 1
+1 1
+2 1
+22 7
+1 7
+1 7
+1 7
+1 7
+24 3
+1 3
+1 3
+1 3
+22 3
+1 3
+1 3
+1 3
+1 3
+1 3
+1 3
+1 3
+2 3

fn=(72)
117 17
+1 17
+1 17
+14 17
+1 17
+1 3
+1 3
+5 2
+1 2
+1 2
+1 2
+5 2
260 14
+1 14
+1 7
+1 7
+1 4
+1 4
+1 3
+1 2
+1 2
+2 3
+22 7
+1 7
+1 7
+1 7
+1 7
+3 3
+1 3
+1 3
+1 3
+1 3
+3 1
+1 1
+1 1
+1 1
+1 1
+10 1
+1 1
+1 1
+1 1
+22 1
+1 1
+1 1
+1 1
+1 1
+1 1
+1 1
+1 1
+2 1

fl=(22) /build/glibc-jxM2Ev/glibc-2.24/elf/dl-load.c
fn=(80) fillin_rpath
433 8
+2 1
-2 9
+5 1
cfi=(17)
cfn=(82) strsep
calls=1 -86 
* 238
* 4
-66 3
cfi=(27) /build/glibc-jxM2Ev/glibc-2.24/string/../sysdeps/x86_64/multiarch/../strchr.S
cfn=(78) index
calls=1 24 
* 23
* 2
+4 2
cfi=(28) /build/glibc-jxM2Ev/glibc-2.24/string/strdup.c
cfn=(84) strdup
calls=1 40 
* 67
* 1
+68 2
cfi=(11)
cfn=(24)
calls=1 66 
* 16
+4 1
-4 1
+4 1
+22 15
+1 8
+55 2
+2 2
cob=(2)
cfi=(16)
cfn=(86)
calls=1 0 
* 7
* 2
-90 1
cfi=(17)
cfn=(82)
calls=1 -86 
* 6
* 3
+94 1
+3 9
-46 2
+4 5
-1 1
cfi=(17)
cfn=(42)
calls=1 92 
* 23
* 1
+3 1
-3 1
+3 2
+5 1
+1 2
-2 1
+2 1
cfi=(18)
cfn=(72)
calls=1 117 
* 12
+3 1
-3 1
+1 1
+2 1
+6 2
+1 1
-1 2
+1 12
+1 11
-1 2
+3 2
+1 3
+7 1
+1 1
-1 2
-67 6
+8 1
-3 3
+3 2
+26 2
-34 2
+65 2
-9 2

fn=(116) _dl_map_object_from_fd
871 22
+10 2
-10 2
+10 2
-10 6
+10 2
cfi=(29) /build/glibc-jxM2Ev/glibc-2.24/elf/dl-debug.c
cfn=(90) _dl_debug_initialize
calls=2 50 
* 16
fi=(34) /build/glibc-jxM2Ev/glibc-2.24/elf/../sysdeps/posix/dl-fileid.h
37 6
fe=(22)
881 2
fi=(34)
37 2
cfi=(35) /build/glibc-jxM2Ev/glibc-2.24/io/../sysdeps/unix/sysv/linux/wordsize-64/fxstat.c
cfn=(120) _fxstat
calls=2 -3 
* 20
* 4
+4 2
fe=(22)
897 2
fi=(34)
40 2
+1 2
fe=(22)
897 29
+1 10
fi=(34)
49 12
fe=(22)
1443 18
915 4
+24 8
+10 4
+22 8
+32 4
882 2
1006 14
cfi=(15)
cfn=(34)
calls=2 61 
* 734
+1 2
-1 2
+1 2
+11 4
+5 2
-5 2
+1 4
+1 2
+2 2
-2 2
+2 4
+1 6
+1 2
+19 2
-2 2
+10 2
-8 12
+8 2
-8 4
+8 2
+87 2
+8 2
-8 8
+8 2
-8 6
-86 32
-1 102
+1 95
+6 4
+1 6
+1 2
+3 2
+1 1
+5 20
+5 32
+9 12
-1 12
+1 4
+1 8
+2 4
-2 4
+1 4
-1 4
+3 4
+4 4
-7 4
+2 4
+1 4
+4 4
+1 12
+5 2
-1 2
+1 2
-15 2
+14 2
+1 10
+10 2
-10 2
-1 2
+1 2
-15 2
+14 2
+1 10
+10 2
+3 3
+4 1
+1 1
+1 1
-1 2
+1 1
+3 3
+1 1
+3 1
-3 1
+7 4
+6 1
cfi=(30) /build/glibc-jxM2Ev/glibc-2.24/elf/dl-tls.c
cfn=(146) _dl_next_tls_modid
calls=1 52 
* 6
* 2
+1 1
+59 4
+1 6
+1 2
-6 4
+1 2
+8 8
1019 2
1207 2
1019 2
1207 2
+10 4
fi=(36) /build/glibc-jxM2Ev/glibc-2.24/elf/./dl-map-segments.h
56 4
fe=(22)
1217 8
fi=(36)
56 2
fe=(22)
1217 2
fi=(36)
50 2
fe=(22)
1217 4
fi=(36)
56 2
-6 4
+6 6
cfi=(25) /build/glibc-jxM2Ev/glibc-2.24/misc/../sysdeps/unix/sysv/linux/wordsize-64/mmap.c
cfn=(74) mmap
calls=2 -23 
* 70
+4 2
-4 2
+4 6
+3 4
+1 2
+2 2
-2 2
-1 2
+3 2
+10 4
fi=(38) /build/glibc-jxM2Ev/glibc-2.24/elf/./dl-load.h
+14 8
+1 6
+2 8
fi=(36)
+7 16
+6 2
+2 2
-2 2
+3 2
-2 2
+1 2
+1 2
-1 6
+8 6
+17 4
+12 4
-59 20
+2 8
fe=(22)
1229 8
+9 4
fi=(3) /build/glibc-jxM2Ev/glibc-2.24/elf/get-dynamic-info.h
39 2
fe=(22)
1238 2
fi=(3)
39 2
+6 2
-2 2
+2 4
+15 2
+5 2
+3 2
-1 2
-3 2
-3 36
+10 8
-26 24
+16 35
+10 35
-26 105
+26 2
-26 6
+2 90
+13 40
+2 8
+3 8
+13 4
+20 7
+1 8
+1 8
+1 8
+2 8
+5 8
+1 7
+1 8
+6 6
+5 4
+7 4
+1 6
+16 6
+5 1
+2 1
-2 1
+2 1
+2 2
+2 2
+3 6
+10 1
-8 4
+8 1
+5 2
+3 4
fe=(22)
1245 4
+15 6
+19 4
+2 10
+54 6
+1 2
+3 2
cfi=(24) /build/glibc-jxM2Ev/glibc-2.24/io/../sysdeps/unix/syscall-template.S
cfn=(130) close
calls=1 84 
* 5
* 2
cfi=(24)
cfn=(130)
calls=1 84 
* 5
* 4
+9 4
+2 6
+2 2
-2 2
+2 2
+16 4
cfi=(6)
cfn=(10)
calls=2 959 
* 46
+4 4
+1 4
+17 4
+9 2
-5 6
+5 2
+10 4
+10 6
cfi=(15)
cfn=(50)
calls=2 32 
* 82
+4 6
fi=(3)
68 8
+1 2
+1 8
fe=(22)
1391 2
fi=(36)
119 6
+8 14
cfi=(26)
cfn=(76)
calls=2 -36 
* 284
* 8
-54 4
-1 2
+1 4
-1 10
cfi=(37)
cfn=(124)
calls=2 +12 
* 10
* 4
+18 24
cfi=(25)
cfn=(74)
calls=2 -57 
* 62
* 8
fi=(38)
+4 5
+2 1
-1 3
+1 1
-1 1
+1 2
-1 2
+3 4
fi=(36)
+39 11
cfi=(25)
cfn=(74)
calls=1 33 
* 31
+3 4
fe=(22)
1233 2

fn=(136) open_path
2018 8
+1 1
+6 1
-6 1
+6 1
+5 9
-7 1
-1 1
+8 7
+74 5
-71 3
+9 4
+7 4
-12 1
+12 1
cfi=(18)
cfn=(72)
calls=1 117 
* 12
* 1
+33 5
-12 8
-20 23
+3 8
+5 8
-1 4
+1 8
-1 12
cfi=(18)
cfn=(72)
calls=4 117 
* 53
* 16
cfi=(18)
cfn=(72)
calls=4 117 
* 48
+3 8
+3 12
+3 36
cfn=(110) open_verify.constprop.7
calls=4 1695 
* 180
* 4
+2 20
+91 9
-24 7
+7 1
-2 1
+2 3
+3 3
-13 2
-57 8
+1 36
+6 8
+2 8
-2 8
+2 8
cfi=(40) /build/glibc-jxM2Ev/glibc-2.24/io/../sysdeps/unix/sysv/linux/wordsize-64/xstat.c
cfn=(138) _xstat
calls=4 34 
* 49
* 8
+1 1
+2 1
-2 1
+2 7
+7 2
-7 3
+7 6
-30 3
+23 6

fn=(106) _dl_map_object
2167 21
+8 3
-8 6
+8 3
+1 12
+3 42
+5 49
+2 21
cfi=(33)
cfn=(108)
calls=7 288 
* 933
* 14
+4 12
+1 18
+3 2
+1 2
+1 2
-1 2
+1 2
cfi=(19)
cfn=(56)
calls=2 144 
* 68
* 4
2478 27
2213 4
+9 2
-53 2
+53 4
+36 4
-2 2
+2 2
cfi=(27)
cfn=(78)
calls=2 24 
* 46
* 4
2409 2
372 3
cfi=(27)
cfn=(78)
calls=1 24 
* 47
* 2
+4 2
cfi=(28)
cfn=(84)
calls=1 40 
* 93
2410 1
-3 1
+3 2
+4 10
cfn=(110)
calls=1 1695 
* 283
+3 2
-3 1
+3 3
+12 3
+46 1
+1 4
-1 1
+1 8
cfn=(116)
calls=1 871 
* 1371
-1 1
+1 4
-1 1
+1 8
cfn=(116)
calls=1 871 
* 1693
* 6
2262 2
cfi=(11)
cfn=(24)
calls=1 66 
* 16
* 1
+2 1
-2 1
+2 1
+7 4
+35 2
+1 14
cfn=(136)
calls=1 2018 
* 703
+6 2
-6 1
+6 1
638 1
2314 1
638 2
2401 2
+28 3
+2 4
2275 1
+8 2
-8 1
+8 1
-8 1
+8 7
-3 3
638 1
2281 1
638 2
2336 1
-14 1
+14 1
+2 3
+4 2
cfi=(41) /build/glibc-jxM2Ev/glibc-2.24/elf/dl-cache.c
cfn=(140) _dl_load_cache_lookup
calls=1 185 
* 1560
+2 1
-2 1
+2 1
+4 2
+8 3
+23 9
cfn=(110)
calls=1 1695 
* 358
+4 1
-4 1
+4 3
+1 3
-89 5
+1 7
638 1
2297 1
638 2

fn=(110)
1695 66
+39 6
-39 18
+39 22
+31 24
cfi=(24)
cfn=(112) open
calls=6 84 
* 46
+2 6
-2 6
+2 8
+10 2
+1 4
+5 16
cfi=(24)
cfn=(114) read
calls=2 84 
* 10
+2 4
+2 2
+2 2
-2 4
+2 2
+6 4
+16 8
cfi=(14) /build/glibc-jxM2Ev/glibc-2.24/string/../sysdeps/x86_64/multiarch/../memcmp.S
cfn=(32) bcmp
calls=2 24 
* 57
* 18
cfi=(14)
cfn=(32)
calls=2 24 
* 72
* 6
+74 4
+5 4
+2 8
+6 4
+11 4
+6 2
+1 2
-1 6
+1 6
+1 4
+20 82
+2 36
+4 8
+1 6
+13 2
+1 2
-1 2
+1 2
-1 2
+1 2
-2 2
+4 6
+5 1
+1 1
-13 4
cfi=(14)
cfn=(32)
calls=1 24 
* 25
* 8
cfi=(14)
cfn=(32)
calls=2 24 
* 60
* 6
+16 2
+3 1
+1 3
+1 1
-1 1
-1 1
+3 3
+1 5
+5 4
+23 54
1804 2
+7 4
cfi=(14)
cfn=(32)
calls=1 24 
* 24
* 2

fn=(66) _dl_init_paths
661 1
+13 2
-13 8
+13 3
cfi=(23) /build/glibc-jxM2Ev/glibc-2.24/elf/dl-hwcaps.c
cfn=(68) _dl_important_hwcaps
calls=1 39 
* 368
+5 1
-5 1
+5 1
cfi=(17)
cfn=(42)
calls=1 92 
* 23
* 1
+1 1
-2 1
+2 2
+8 1
-1 1
+1 4
-1 3
+5 1
-5 1
+5 1
cfi=(17)
cfn=(42)
calls=1 92 
* 81
* 1
+2 1
-3 1
+3 1
+20 1
+9 1
-12 1
-2 1
-9 1
+1 1
+13 1
+9 1
-12 2
+1 1
+3 1
+8 2
-3 3
+3 3
-3 5
+1 12
cfi=(26)
cfn=(76)
calls=4 91 
* 48
+2 14
-14 6
+14 3
-12 3
-2 3
+3 3
+2 3
-3 3
+4 3
+4 3
-4 3
+1 3
+3 3
+1 3
-4 3
+4 3
+10 1
+4 1
-11 1
+6 1
+6 2
+2 4
+2 3
+38 5
+8 3
cfi=(27)
cfn=(78)
calls=1 24 
* 23
* 2
+2 2
cfi=(11)
cfn=(24)
calls=1 66 
* 16
* 8
cfi=(18)
cfn=(48)
calls=1 131 
* 10
* 1
+4 2
+15 4
+2 1
-4 4
+2 52
+2 13
-4 53
+8 1
cfi=(17)
cfn=(42)
calls=1 92 
* 23
* 1
+1 1
-2 1
+2 1
+6 9
cfn=(80)
calls=1 433 
* 552
+4 5
+6 1
+4 8
-75 1
-2 2
+2 2
+14 2

fl=(7) /build/glibc-jxM2Ev/glibc-2.24/elf/../elf/dl-sysdep.c
fn=(212) _dl_sysdep_start_cleanup
256 1

fn=(12) _dl_sysdep_start
86 8
+25 1
-1 1
+1 204
+6 1
-3 1
+1 1
-4 1
+3 1
+3 4
+1 2
-1 25
+1 105
-1 102
+62 1
+1 1
-1 1
+1 1
-29 1
+1 2
+11 1
+1 1
-1 1
+1 1
-7 1
+1 1
-1 1
+1 1
-4 1
+1 2
-25 1
+1 2
-4 1
+1 2
-7 1
+1 1
+2 1
+1 1
fi=(9) /build/glibc-jxM2Ev/glibc-2.24/elf/../sysdeps/unix/sysv/linux/dl-sysdep.c
-90 2
cfi=(10)
cfn=(18)
calls=1 -4 
* 11
fi=(5)
223 5
fi=(8)
113 1
-13 1
+1 1
+12 1
+3 1
-3 1
-11 1
+14 7
262 3
+1 1
+3 2
+1 1
+13 2
fe=(7)
-49 1
fi=(8)
+60 1
+1 1
+1 1
fe=(7)
-62 2
+1 1
cfi=(11)
cfn=(24)
calls=1 66 
* 32
* 1
+2 2
cfi=(12) /build/glibc-jxM2Ev/glibc-2.24/elf/../misc/sbrk.c
cfn=(26) sbrk
calls=1 34 
* 17
* 3
+12 3
+3 5
cfi=(2)
cfn=(28) dl_main
calls=1 738 
* 109318
+2 9
fi=(8)
+29 4
+1 5
+1 2
122 5
cfn=(22)
calls=1 -94 
* 59
+3 3
+84 2
+2 1
-91 2
283 4
128 2
-1 1
+1 1
+1 7
+48 2
+22 4
-64 2
fe=(7)

fl=(31) /build/glibc-jxM2Ev/glibc-2.24/elf/dl-error.c
fn=(148) _dl_receive_error
205 10
+1 1
cfi=(2)
cfn=(100) _dl_initial_error_catch_tsd
calls=1 648 
* 2
+5 1
-1 1
-4 1
+9 1
+2 1
-3 1
+3 1
cfi=(2)
cfn=(150) version_check_doit
calls=1 513 
* 3427
+2 1
+1 1
+1 8

fn=(98) _dl_catch_error
163 6
+15 3
-3 6
+1 6
-13 6
+14 6
+1 3
+2 3
cfi=(2)
cfn=(100)
calls=3 648 
* 6
+2 3
-1 3
+4 3
-3 6
+3 3
-4 3
+4 3
cfi=(32)
cfn=(102)
calls=3 26 
* 60
* 9
+2 9
cfi=(39) /build/glibc-jxM2Ev/glibc-2.24/elf/dl-deps.c
cfn=(134) openaux
calls=2 60 
* 5412
cfi=(2)
cfn=(104) map_doit
calls=1 480 
* 2249
+1 6
+2 3
+1 3
-3 3
+1 6
+1 3
+9 3
-8 3
+8 9

fl=(27)
fn=(78)
24 7
+1 7
+1 7
+1 7
+1 7
+1 7
+1 7
+1 7
+1 7
+1 7
+1 7
+1 7
+1 7
+1 7
+1 7
+1 7
+1 7
+1 5
+4 5
+1 5
+1 5
+1 5
+2 5
+4 2
+1 2
+1 2
+1 2
+1 2
+1 2
+1 2
+1 2
+1 2
+1 2
+1 2
+1 2
+1 2
+1 2
+1 2
+1 2
+1 2
+1 2
+1 2
+1 2
+1 2
+1 2
+1 2
+1 2
+52 2
+4 2
+1 2
+1 2
+1 2
+2 2

fl=(2)
fn=(100)
648 8

fn=(158) init_tls
573 1
+6 1
-6 1
+2 2
+4 1
+10 4
cfi=(17)
cfn=(38)
calls=1 101 
* 32
* 1
+11 1
-15 1
+3 1
+6 1
+2 1
-11 1
+15 1
+2 1
-1 1
+1 10
+2 8
+4 1
+2 1
-2 2
-5 8
+9 3
+3 1
cfi=(30)
cfn=(160) _dl_determine_tlsoffset
calls=1 144 
* 66
+7 1
cfi=(30)
cfn=(162) _dl_allocate_tls_storage
calls=1 354 
* 434
+1 1
-1 1
+1 1
+6 1
+3 1
-3 1
+3 6
+3 1
+3 3

fn=(28)
738 1
+19 1
-19 7
2353 1
738 3
+19 1
+3 1
2353 1
738 1
+22 1
+4 1
2348 1
764 1
+1 1
2353 1
765 1
+5 2
2346 2
+7 2
-4 1
+4 7
+2 2
cfi=(13)
cfn=(30)
calls=1 30 
* 60
* 4
cfi=(13)
cfn=(30)
calls=2 30 
* 364
* 9
+4 50
+1 19
-1 57
+3 4
+6 14
2514 3
+30 3
780 3
981 7
cfi=(15)
cfn=(34)
calls=1 61 
* 241
+2 1
-2 1
+2 1
+1 1
+1 1
+5 2
-5 1
+1 2
+4 1
cfi=(15)
cfn=(50)
calls=1 32 
* 33
+1 3
747 1
1020 1
-3 1
-5 1
+1 1
+2 1
+5 5
+56 3
-37 1
+22 1
+15 2
-55 24
-1 27
+1 47
1123 5
+3 2
+2 2
+2 3
+13 3
+1 7
cfi=(19)
cfn=(56)
calls=1 144 
* 50
* 2
+7 1
+3 1
-5 1
+3 1
-3 1
+5 1
+1 2
+4 2
+2 2
fi=(3)
30 1
+9 2
+6 1
-2 1
+2 2
+15 1
+5 1
+3 1
+2 1
-3 1
-3 1
-3 22
+10 5
-26 15
+16 17
+10 17
-26 51
+26 1
-26 3
+2 46
+13 24
+2 4
+16 3
+20 3
+1 4
+1 4
+1 4
+2 4
+5 3
+1 4
+1 4
+6 3
+12 2
+1 3
+16 3
+14 3
+10 1
-8 3
+8 1
+5 2
+1 2
+2 2
fe=(2)
1166 2
cfi=(6)
cfn=(10)
calls=1 959 
* 23
+3 2
fi=(20) /build/glibc-jxM2Ev/glibc-2.24/elf/setup-vdso.h
24 2
fe=(2)
1191 1
cfi=(9)
cfn=(62) _dl_discover_osversion
calls=1 45 
* 86
* 8
-75 2
+1 2
+1 1
-6 2
+1 1
-88 3
+1 1
+50 2
-1 2
+1 4
-1 2
+2 4
+1 1
+3 2
+1 2
-1 2
+1 2
+1 2
+1 6
+1 2
-45 3
+9 1
-7 1
+25 1
-28 1
+10 1
-19 3
+1 1
fi=(3)
65 4
+3 4
+1 1
+1 3
fe=(2)
2442 4
cfi=(14)
cfn=(32)
calls=1 24 
* 31
* 2
+2 3
-55 4
cfi=(14)
cfn=(32)
calls=1 24 
* 18
* 2
+7 4
cfi=(14)
cfn=(32)
calls=1 24 
* 36
* 2
+2 3
1196 2
cfi=(22)
cfn=(66)
calls=1 661 
* 1479
+3 3
cfi=(29)
cfn=(90)
calls=1 50 
* 17
+7 1
-7 1
+2 1
+5 1
+3 3
+1 1
+3 1
-3 3
+1 2
+3 1
+5 1
-7 1
+7 1
+1 5
+17 2
+1 2
+5 1
-3 3
+2 1
+1 3
+5 3
+1 5
+2 2
+1 2
+5 2
+5 1
753 1
1262 2
1439 1
cfi=(30)
cfn=(92) _dl_count_modids
calls=1 115 
* 4
* 1
+8 3
+3 1
+4 3
+5 1
+1 1
cfi=(29)
cfn=(94) _dl_debug_state
calls=1 74 
* 1
+1 1
+4 3
+15 3
+4 1
-2 1
+2 2
+31 3
cfi=(24)
cfn=(70) access
calls=1 84 
* 9
* 2
+77 1
1481 1
1592 3
+17 3
+1 1
-1 1
+1 2
-1 1
+1 5
cfi=(39)
cfn=(132) _dl_map_object_deps
calls=1 161 
* 6833
+1 1
+5 1
-5 3
+2 2
+3 6
+1 3
-1 2
+1 9
-1 6
+4 3
+1 3
+1 1
+2 2
+1 6
-1 5
+1 7
-1 3
-28 5
+1 1
-1 3
+4 3
+1 1
+1 2
+1 3
+35 1
-1 1
+1 1
-1 1
+1 1
+2 1
+2 3
+2 1
-4 1
+5 1
-1 2
+14 2
+1 2
+1 3
+11 1
+2 1
-2 1
+2 2
-1 1
+1 1
-2 3
+2 1
cfi=(31)
cfn=(148)
calls=1 205 
* 3457
+10 1
+1 1
-1 1
+1 1
+1 1
cfn=(158)
calls=1 573 
* 603
* 1
+2 2
703 1
fi=(141) /build/glibc-jxM2Ev/glibc-2.24/elf/../sysdeps/unix/sysv/linux/dl-osinfo.h
64 2
fe=(2)
705 1
fi=(141)
77 1
fe=(2)
714 1
+7 1
-5 1
1692 3
1922 3
2092 4
+2 1
+5 3
cfi=(30)
cfn=(210) _dl_allocate_tls_init
calls=1 449 
* 140
+3 2
-59 3
+7 1
+2 7
+2 1
+2 12
+5 8
+2 8
+6 4
+2 8
+1 24
cfi=(43)
cfn=(164)
calls=3 149 
* 87329
+4 14
-22 10
+25 4
+2 2
+6 1
-6 1
+6 1
-10 2
cfi=(30)
cfn=(202) _dl_add_to_slotinfo
calls=1 890 
* 20
* 1
-12 1
+1 1
-3 2
+48 3
+2 2
+15 1
+2 1
-2 2
+3 1
-3 1
+3 1
-3 1
+3 3
cfi=(43)
cfn=(164)
calls=1 149 
* 4061
+1 4
+2 2
+8 1
cfi=(7)
cfn=(212)
calls=1 256 
* 1
+4 3
+20 3
cfi=(29)
cfn=(90)
calls=1 50 
* 8
+1 1
-1 1
+2 1
cfi=(29)
cfn=(94)
calls=1 74 
* 1
+1 1
+4 1
cfi=(41)
cfn=(214) _dl_unload_cache
calls=1 322 
* 15
+5 8
1978 1
+11 1
-7 1
-4 1
+4 3
+4 2
+3 1
1635 2
1491 2
cfi=(11)
cfn=(24)
calls=1 66 
* 34
* 8
cfi=(18)
cfn=(48)
calls=1 131 
* 18
* 1
+3 6
+3 3
cfi=(17)
cfn=(82)
calls=1 352 
* 766
* 3
cfi=(17)
cfn=(82)
calls=1 352 
* 6
* 6
+1 2
+1 3
+2 4
cfn=(96) do_preload
calls=1 654 
* 2339
* 2
+2 1
+2 2
-2 3
+2 3
1185 5

fn=(150)
513 2
+2 4
cfi=(42) /build/glibc-jxM2Ev/glibc-2.24/elf/dl-version.c
cfn=(152) _dl_check_all_versions
calls=1 380 
* 3417
* 2
+4 2

fn=(54)
694 10

fn=(2) _dl_start
337 9
+18 4
fi=(3)
45 1
fe=(2)
355 1
fi=(5)
59 3
fi=(3)
-14 1
fe=(2)
381 1
-3 1
fi=(3)
45 1
+25 2
-3 1
-19 1
+12 1
+5 1
+5 1
-2 1
-1 1
-3 2
-3 16
+10 4
-26 12
+16 13
+10 13
-26 39
+26 1
-26 3
+2 36
+13 20
+2 4
+16 2
+20 4
+1 4
+1 4
+1 4
+2 4
+5 4
+1 4
+1 4
+6 3
+5 2
+7 3
+1 3
+8 3
+2 3
+3 2
+1 2
fe=(2)
392 2
286 1
399 1
286 1
cfi=(6)
cfn=(10)
calls=1 959 
* 23
+1 2
+1 2
+1 2
+1 2
+8 1
+9 1
-9 3
+9 1
-6 1
-3 1
+9 1
cfi=(7)
cfn=(12)
calls=1 86 
* 110029
* 1
+9 4
+3 1
+4 1
-4 1
+4 1
424 9
fi=(3)
65 4
fe=(2)
397 1
fi=(5)
76 1
fe=(2)
397 25
fi=(4)
84 1
+27 1
-28 1
+28 2
+1 2
fi=(5)
521 2
fi=(4)
112 18
fi=(5)
521 18
+1 20
fi=(4)
111 20
fi=(5)
522 10
fi=(4)
111 10
+5 2
+8 1
fi=(5)
316 1
+87 1
fi=(4)
124 2
+12 1
+3 2
-3 1
fi=(5)
270 1
fi=(4)
136 1
fi=(5)
298 1
fi=(4)
137 2
fi=(5)
298 1
fi=(4)
136 5
+3 10
-3 5
fi=(5)
270 5
fi=(4)
136 5
fi=(5)
298 5
fi=(4)
137 10
fi=(5)
298 5
+9 12
+3 6
-3 12
+3 18
+6 36
fi=(3)
68 4
+1 1
+1 2
fi=(4)
+54 19
fi=(5)
335 18
fe=(2)

fn=(96)
654 4
+12 1
-12 2
+10 1
-4 1
+1 1
+5 4
-10 1
+6 1
+4 1
cfi=(31)
cfn=(98)
calls=1 163 
* 2311
+1 3
+8 3
+6 5

fn=(52)
688 10

fn=(104)
480 1
+2 1
-2 1
+3 2
-1 3
+1 3
cfi=(22)
cfn=(106)
calls=1 2167 
* 2235
* 1
+2 2

fl=(17)
fn=(38)
101 8
+8 8
-1 16
-3 8
+4 16
+3 8
cfn=(42)
calls=8 -20 
* 190
* 8

fn=(42)
92 21
+1 42
cfn=(46) __libc_memalign
calls=21 -40 
* 463
* 21

fn=(82)
352 8
+2 4
+1 8
+4 132
+7 366
-2 244
+13 2
+4 4
-7 61
-15 187

fn=(46)
53 87
+11 21
+1 21
-1 21
+3 21
-3 21
+3 42
-3 1
+1 1
-1 1
+3 1
-3 1
+3 82
-15 6
+20 8
+1 4
+2 2
+1 16
cfi=(25)
cfn=(74)
calls=2 -43 
* 66
+2 10
+4 6
+3 2
+1 2
+2 10
-2 20
-1 20
+3 40
-29 1
-1 1
+1 1
+1 2
-2 2

fn=(88)
118 1
+2 3
+7 2

fl=(30)
fn=(146)
52 4
+48 2

fn=(162)
354 3
+2 1
+11 3
cfi=(17)
cfn=(46)
calls=1 53 
* 77
* 1
+1 2
+7 2
+4 1
-57 1
+57 296
-58 2
+1 2
cfi=(17)
cfn=(38)
calls=1 101 
* 32
* 1
+1 2
+3 1
+6 2
+64 5

fn=(210)
449 8
+1 1
-1 1
+1 1
+4 1
+6 2
-6 1
+6 1
-4 1
+16 1
-15 3
+20 6
+6 16
+3 1
+1 2
+6 3
+3 1
-2 2
+2 4
+1 1
+3 2
-1 2
+4 2
+1 4
+2 2
+9 1
-8 1
+8 1
-8 2
+8 1
cfi=(18)
cfn=(72)
calls=1 117 
* 12
* 4
cfi=(26)
cfn=(76)
calls=1 91 
* 33
* 2
-38 3
+52 3
+3 8

fn=(92)
115 2
+1 2

fn=(160)
144 1
-6 5
+6 2
+3 2
+36 3
+2 10
+3 1
-1 1
+5 2
-4 1
-1 2
+3 2
+2 3
+16 2
+3 2
-3 5
+2 2
+10 1
-37 2
+25 1
-25 7
+40 1
+1 1
+52 1
-1 1
+1 5

fn=(202)
890 4
+9 1
-3 2
+8 3
+42 3
-1 1
+1 2
+1 4

fl=(28)
fn=(84)
40 12
+1 3
cfi=(11)
cfn=(24)
calls=3 +25 
* 84
* 3
+1 6
cfi=(17)
cfn=(42)
calls=3 +50 
* 69
* 3
+2 6
+4 3
-1 6
+1 6
-1 6
cfi=(18)
cfn=(48)
calls=3 +84 
* 38

fl=(26)
fn=(76)
91 65
+2 13
+1 13
+1 6
+1 6
+2 4
+1 4
+2 4
+48 2
+1 2
+10 2
+1 2
+1 2
+1 2
+1 2
+1 2
+1 2
+1 2
+1 2
+1 2
+1 2
+1 2
+1 2
+1 2
+2 36
+1 36
+1 36
+1 36
+1 36
+1 36
+1 36
+1 2
+15 7
+1 7
+1 7
+1 4
+1 4
+1 2
+1 2
+24 3
+1 3
+2 3
+3 2
+1 2
+2 2
+3 2
+1 2
+2 2

fl=(86)
fn=(330)
66 2
+6 2
-6 1
+3 2
+3 3
-4 1
+5 6
+1 1
-1 1
+1 2
+5 2
+4 2
+4 3
+4 2
+1 4
+2 4
+7 2
-1 1
+1 1
+10 9
cfi=(6)
cfn=(172)
calls=1 810 
* 1007
* 1
+4 5
+10 6
+16 1
-8 1
+8 3
+4 3
fi=(5)
+94 1
fe=(86)
-90 3

fl=(29)
fn=(94)
74 2

fn=(90)
50 8
+5 6
+5 2
-1 1
+1 2
+1 2
-1 1
+4 1
-13 4
+4 8
+4 1
-1 1
+1 4

fl=(1) ???
fn=(0) 0x0000000000000ca0
0 2
cfi=(2)
cfn=(2)
calls=1 337 
0 110672
0 14
cfi=(56)
cfn=(220)
calls=1 80 
0 2175
0 3
cob=(5)
cfi=(66)
cfn=(258)
calls=1 0 
0 16929347340

fl=(19)
fn=(56)
144 281
+1 281
+2 281
+1 281
+21 281
+1 281
+1 204
+1 204
+1 145
+1 145
+1 145
+1 145
+21 145
+1 145
+1 145
+1 145
+1 145
+1 145
+1 145
+5 4
+1 4
+9 4
+1 4
+1 4
+1 4
+1 4
+1 4
+1 4
+1 4
-7 136
+1 136
+1 136
+1 136
+1 136
+1 136
+1 136
+1 136
+1 139
+1 11
+1 11
+1 11
+2 11
+1 11
+1 11
+1 11
+1 11
+1 11
-5 128
+1 128
+1 128
+1 128
+1 128
+1 128
+10 1
+1 1
+1 1
+2 1
+6 1
+1 1
+1 1
+1 1
+1 1
+5 1
+2 1
+1 1
+1 2
+8 1
+1 1
+3 1
+1 1
+1 1
+1 1
+1 1
+1 1
1071 1
+1 1
+1 1
+1 1
+1 1
+2 1
+1 1
+1 1
+1 1
+1 1
+1 1
+1 1
+1 1
+4 1
+1 1
+1 1
+6 1
+1 1
+1 2
+4 1
+1 1
+3 1
+1 1
+1 1
+3 1
+1 1
+1 1
+6 1
+1 1
+1 1
+1 1
+1 1
+1 1
+72 8
+1 8
+1 8
+1 8
+1 8
+2 8
+1 8
+1 8
+1 8
+1 8
+1 8
+1 8
+1 3
+4 3
+1 3
+1 3
+6 3
+1 3
+1 6
+4 3
+1 3
+3 3
+1 3
+1 3
+3 3
+1 3
+1 3
+6 3
+1 3
+1 3
+1 3
+1 3
+1 3
+72 94
+1 94
+1 94
+1 94
+1 94
+2 94
+1 94
+1 94
+1 94
+1 94
+1 94
+1 94
+1 2
+4 2
+1 2
+1 2
+6 2
+1 2
+1 4
+4 2
+1 2
+3 2
+1 2
+1 2
+3 2
+1 2
+1 2
+6 2
+1 2
+1 2
+1 2
+1 2
+1 2
1571 2
+1 2
+1 2
+1 2
+1 2
+2 2
+1 2
+1 2
+1 2
+1 2
+1 2
+1 2
+1 1
+4 1
+1 1
+1 1
+6 1
+1 1
+1 2
+4 1
+1 1
+3 1
+1 1
+1 1
+3 1
+1 1
+1 1
+6 1
+1 1
+1 1
+1 1
+1 1
+1 1
+72 5
+1 5
+1 5
+1 5
+1 5
+2 5
+1 5
+1 5
+1 5
+1 5
+1 5
+1 5
+1 4
+4 4
+1 4
+1 4
+6 4
+1 4
+1 8
+4 4
+1 4
+3 4
+1 4
+1 4
+3 4
+1 4
+1 4
+6 4
+1 4
+1 4
+1 4
+1 4
+1 4
+72 5
+1 5
+1 5
+1 5
+1 5
+2 5
+1 5
+1 5
+1 5
+1 5
+1 5
+1 5
+1 2
+4 2
+1 2
+1 2
+6 2
+1 2
+1 4
+4 2
+1 2
+3 2
+1 2
+1 2
+3 2
+1 2
+1 2
+6 2
+1 2
+1 2
+1 2
+1 2
+1 2
+7 1
+1 1
+2 1
+1 1
+2 1
+1 1
+1 1
+3 1
+1 1
+1 1
+6 1
+1 1
+1 1
+1 1
+1 1
+1 1
+41 21
+1 21
+1 21
+1 21
+1 21
+2 21
+1 21
+1 21
+1 21
+1 21
+1 21
+1 21
+1 1
+4 1
+1 1
+1 1
+6 1
+1 1
+1 2
+4 1
+1 1
+3 1
+1 1
+1 1
+3 1
+1 1
+1 1
+6 1
+1 1
+1 1
+1 1
+1 1
+1 1
+72 3
+1 3
+1 3
+1 3
+1 3
+2 3
+1 3
+1 3
+1 3
+1 3
+1 3
+1 3
+2 1
+4 1
+1 1
+1 1
+6 1
+1 1
+2 2
+4 1
+1 1
+3 1
+1 1
+1 1
+3 1
+1 1
+1 1
+6 1
+1 1
+1 1
+1 1
+1 1
+1 1
+74 16
+2 16
+1 16
+1 16
+1 16
-3 124
+1 124
+1 124
+1 124
+1 33
+5 11
+6 11
+1 11
+8 11
+1 11
-16 270
+6 270
+1 270
+8 270
+1 270

fl=(14)
fn=(32)
24 13
+1 13
+1 13
+1 13
+1 13
+1 13
+1 13
+1 13
+3 13
+1 13
+1 5
+1 5
+1 5
+1 5
+1 5
+1 5
+1 5
+2 12
+1 12
+1 4
+1 4
+1 4
+1 4
+1 4
+1 4
+1 4
+2 12
+1 12
+1 5
+1 5
+1 5
+1 5
+1 2
+1 2
+1 2
+2 9
+1 9
+1 5
+1 5
+1 5
+1 5
+5 4
+1 4
+1 4
+1 4
+1 4
+1 4
+1 4
+1 2
+1 2
+1 2
+1 2
+1 2
+7 2
+2 3
+4 8
+1 8
+1 1
+1 1
+1 1
+1 1
+1 1
+1 1
+1 1
+1 1
+1 1
+1 1
+1 1
+4 9
+1 9

fl=(23)
fn=(68)
39 6
+3 1
-3 2
+3 1
-1 1
+1 1
+9 1
-12 4
+12 1
+10 4
162 2
-47 4
cfi=(24)
cfn=(70)
calls=1 -31 
* 9
* 3
+55 3
+2 2
+1 5
+4 2
+4 1
-4 1
+1 1
+3 1
+3 2
+4 6
+1 1
-1 8
+1 1
+80 2
-12 2
+12 1
+1 2
-1 5
+1 6
-1 11
+5 12
+4 3
-4 7
+4 9
+1 4
-1 4
+1 8
-2 4
+1 8
-1 14
+4 4
+4 1
-1 1
+2 1
-2 1
+1 1
+1 1
-2 1
+2 9
+13 2
+1 1
-1 1
+3 2
-3 2
+1 1
-1 1
+3 2
+3 4
+3 1
-1 1
+1 7
207 11
+1 4
cfi=(17)
cfn=(42)
calls=1 92 
* 23
* 1
+1 1
-1 1
+1 3
+29 1
+3 1
-3 2
+3 1
+2 4
cfi=(18)
cfn=(72)
calls=1 117 
* 16
* 4
cfi=(18)
cfn=(72)
calls=1 117 
* 15
+1 4
cfi=(18)
cfn=(72)
calls=1 117 
* 14
* 4
cfi=(18)
cfn=(72)
calls=1 117 
* 15
+25 10
113 1
+17 1
+1 1
-1 9

fl=(24)
fn=(70)
84 12
+2 15

fn=(112)
84 28
+1 3
+1 20

fn=(130)
84 12
+1 3

fn=(114)
84 8
+1 2

fl=(42)
fn=(154) _dl_check_map_versions
174 32
+15 12
+2 4
+3 16
-3 4
+2 4
+1 4
+2 4
-3 4
+3 4
+3 4
+4 2
-4 2
+4 8
+17 2
56 4
220 2
56 10
+1 5
-1 10
+2 21
cfi=(33)
cfn=(108)
calls=7 288 
* 801
* 14
228 6
+5 8
+4 6
+2 2
-2 14
-4 5
+4 15
+2 5
-2 80
cfn=(156) match_symbol
calls=5 76 
* 755
* 8
cfn=(156)
calls=2 76 
* 229
* 7
+7 42
+3 21
+9 8
+14 4
+3 8
+10 29
-7 116
+3 87
-3 8
+3 6
+8 6
+87 36
-81 12
cfi=(17)
cfn=(38)
calls=3 101 
* 96
* 3
+1 3
-2 3
+2 3
+11 3
+2 3
-5 3
+3 3
+2 3
-2 3
+2 3
+3 8
+4 6
+18 5
-15 15
+2 15
-2 6
+2 6
+2 7
+1 7
-1 14
+1 7
-1 7
+1 7
+1 7
-2 7
+2 14
+1 21
+3 21
+8 6
+10 9
+3 8
+20 29
-14 62
-2 29
+6 29
+1 29
+1 29
-1 87
+1 29
-1 29
+1 29
+1 29
+3 95
183 2
-8 2
+95 5

fn=(152)
380 5
+4 7
+2 28
cfn=(154)
calls=4 174 
* 3342
-2 4
+2 12
-1 4
-1 8
+5 7

fn=(156)
76 77
+9 7
-8 7
-1 14
+1 7
+8 7
+6 21
+15 7
+1 14
+2 7
+5 14
+14 108
+12 141
+4 47
-30 94
+16 7
+3 28
cfi=(19)
cfn=(56)
calls=7 +11 
* 307
* 14
+35 56

fl=(41)
fn=(144) _dl_cache_libcmp
138 33
+1 28
+2 122
+2 61
-2 61
+2 6
+6 3
+2 3
-1 3
-1 3
+1 3
+1 12
+2 15
+2 6
+6 116
+2 216
+4 50
+1 50
-29 100
+32 9
-7 16

fn=(140)
185 9
+8 2
+3 3
+51 2
+9 1
+6 2
-6 2
+6 1
cfi=(24)
cfn=(70)
calls=1 84 
* 9
* 1
+4 1
-4 1
+4 3
+15 130
cfn=(144)
calls=8 138 
* 557
* 74
cfn=(144)
calls=2 138 
* 215
* 6
cfn=(144)
calls=1 138 
* 144
* 14
-82 4
cfi=(33)
cfn=(142) _dl_sysdep_read_whole_file
calls=1 45 
* 94
+8 1
-8 1
+8 4
+1 4
cfi=(14)
cfn=(32)
calls=1 24 
* 38
* 2
+7 1
-3 1
+3 3
+3 1
+1 2
-1 1
+1 1
+1 4
cfi=(14)
cfn=(32)
calls=1 24 
* 32
* 2
+61 7
+12 3
+4 2
+4 2
+8 3
cfi=(11)
cfn=(24)
calls=1 66 
* 34
* 2
+1 1
-1 4
+1 2
cfi=(18)
cfn=(48)
calls=1 131 
* 10
+1 2
cfi=(28)
cfn=(84)
calls=1 40 
* 85
+1 8
-45 4
-1 3
+15 15

fn=(214)
322 4
-1 1
+3 2
cfi=(37)
cfn=(216)
calls=1 84 
* 5
+1 1
+2 2

fl=(40)
fn=(138)
34 4
-1 4
+1 4
+1 24
+4 1
-4 12

fl=(35)
fn=(120)
34 3
-1 3
+1 3
+1 18
+4 3

fl=(9)
fn=(62)
45 7
+2 4
+85 8
-45 3
cfi=(21) /build/glibc-jxM2Ev/glibc-2.24/posix/../sysdeps/unix/syscall-template.S
cfn=(64) uname
calls=1 -3 
* 5
* 1
+15 1
-15 1
+20 1
-1 1
+3 12
+4 3
-2 6
+2 9
+7 3
-1 3
+4 3
-2 3
+2 10
+5 2

fl=(39)
fn=(132)
161 1
-1 1
+1 1
-1 4
+1 1
-1 2
+1 1
-1 2
+1 1
-1 2
+1 1
-9 1
+9 2
-15 1
+6 3
+26 1
-17 1
-17 1
+1 1
+1 1
+6 1
+26 4
-32 1
+33 1
-35 3
+2 2
-1 1
+1 2
+6 3
+26 1
-26 1
+26 5
+4 1
+21 1
+1 1
-22 2
+19 1
-12 1
+15 1
-16 2
+13 1
317 7
217 1
-4 1
+4 5
-4 3
+4 6
+12 8
+2 2
+11 2
-5 2
-6 4
+5 2
+2 4
+1 4
+3 12
+75 6
-25 4
+1 4
-51 192
+1 96
+6 10
cfi=(27)
cfn=(78)
calls=2 24 
* 70
* 4
+5 10
-3 2
+3 2
cfi=(31)
cfn=(98)
calls=2 -91 
* 5536
+2 6
+15 2
+2 4
+5 2
+6 2
+2 2
-8 4
+3 2
+1 2
+1 2
+1 2
+4 12
+7 138
459 8
+2 6
+3 4
-1 2
cfi=(17)
cfn=(42)
calls=2 92 
* 46
* 2
+2 2
-2 2
+2 2
+4 8
-1 2
+1 2
cfi=(18)
cfn=(48)
calls=2 131 
* 20
+1 12
cfi=(18)
cfn=(48)
calls=2 131 
* 20
+4 2
-1 2
+5 16
+3 9
-1 4
+1 8
+4 2
202 1
485 2
+4 5
+11 3
-1 1
cfi=(17)
cfn=(42)
calls=1 92 
* 23
* 1
+3 1
-3 1
+3 1
+5 7
+1 9
+8 8
+4 8
-4 4
-6 13
+13 2
+51 3
+2 3
+42 1
-4 1
+5 2
-1 4
+1 2
cfi=(26)
cfn=(76)
calls=1 91 
* 13
* 2
-2 9
+7 1
+6 1
-7 1
+1 1
+6 1
-7 3
+7 1
-13 2
+7 2
+6 2
-7 2
+1 2
+6 2
-7 6
+7 4
+2 8
+1 4
-1 4
+1 3
+2 9
+1 6
+28 18
cfi=(26)
cfn=(76)
calls=2 91 
* 32
* 12
485 3
+1 2
658 3
-28 6
+31 10
-6 2
+16 2
+2 1
+1 1
-1 1
+2 3
+7 3
+3 3
+3 8
229 8
-19 4
+8 25
+2 2
+2 6
+2 28
+84 9
611 8
cfi=(18)
cfn=(48)
calls=1 131 
* 10
+2 1
-38 1
+38 1

fn=(134)
60 4
+7 2
-4 2
+2 2
-2 4
+2 2
-2 2
+2 4
-2 4
cfi=(22)
cfn=(106)
calls=2 2167 
* 5380
* 2
+5 4

fl=(21)
fn=(64)
84 4
+1 1

fl=(12)
fn=(26)
34 4
+8 6
+4 2
+16 5

fl=(25)
fn=(74)
33 8
-1 80
+1 20
+1 80
+2 56
-3 18

fl=(33)
fn=(108)
288 345
+1 138
cfi=(19)
cfn=(56)
calls=69 144 
* 2730
* 69
+1 69
-1 69
+3 69
+2 138
+4 70
-4 140
+1 219
cfi=(19)
cfn=(56)
calls=73 144 
* 2947
* 146
-5 3
+11 81
-1 66
+1 264

fn=(142)
45 2
+7 1
-7 3
+7 1
-7 3
+7 1
cfi=(24)
cfn=(112)
calls=1 +32 
* 5
+1 2
+2 5
cfi=(35)
cfn=(120)
calls=1 -21 
* 10
* 2
+2 1
+3 1
-3 1
+3 1
+13 2
cfi=(24)
cfn=(130)
calls=1 +11 
* 5
+3 7
-14 6
cfi=(25)
cfn=(74)
calls=1 -29 
* 33
* 2

totals: 16929460206
